connected_vertices=8
0	1
1	2	9
2	3
0	7	8
8	9	10	11
3	4	10
6	7
5	6	11

particle_count=10
vertices_count=12

particle=0
-7.238930913575114		4.28480681006995
-4.469528685524048		6.964048701827379
3.785175932704141		4.6336038766576895
6.758144379603291		4.10712286892045
5.000622002981616		-3.5392337340448403
1.9146911042256645		-6.279988528737209
-3.6646259549556484		-7.376186986262095
-6.6677622063250315		-3.766395256908618
-1.965910882013818		-0.4068311425746798
-0.9414460352134987		2.8157012437329905
2.6843084697248574		1.3375271585349935
1.5173745991397396		-3.327381953694197

particle=1
-6.895051040901344		4.518237967071309
-4.241337835543814		4.4603185129742595
2.8107616391730605		6.924991035547615
5.782775325320389		3.716149463461192
7.252342245858626		-4.644791002401719
3.6041481346713393		-5.940227681496228
-1.3593585105810864		-4.769876404960642
-5.978146407158786		-1.8742086527359063
-3.1310214425637057		-1.3422892527896
-0.05716180126583359		1.9718441377241096
1.808209895561145		1.312221279274607
0.08607032166997047		-4.067316439788963

particle=2
-4.566175500624345		3.0650728124310587
-4.208244062003979		4.82477247507205
2.1353158172646407		4.7510408123150825
4.606159479224761		1.6268457629220112
4.588758176999621		-3.369259270308051
1.6756180904394689		-7.1840899806630185
-3.033757607953552		-6.158549100071913
-7.597060222769249		-3.576673267128579
-2.4706147165485834		-0.5061304625984803
-0.6801857209986726		3.1625285249451727
2.3298914078296336		-1.600380365730888
1.651711575347552		-4.410700742759328

particle=3
-6.140204571991275		3.5784515551270117
-4.22853897172389		5.557901587034305
4.221083173121999		6.859324911857691
5.879720110573937		4.176953117180089
6.049277649331203		-2.127885930553632
2.3838943556650625		-5.569176952747859
-3.6462063331393315		-7.710282762648749
-5.0734788682396506		-3.4426463823132356
-3.1946279280919856		1.3093852463044409
0.02816934809637578		2.068416048546624
2.611951635612561		1.0681078054337076
0.8149086853944745		-1.3185193286096926

particle=4
-6.368683328381482		3.198826647952798
-1.7734682154127848		6.348170933246573
2.8748688512206524		7.539541859093424
4.6381565201647925		2.490092469022045
6.81706536069383		-1.7408538079510472
2.7437319460480873		-5.544518216217926
-2.786100436999049		-6.965457878190312
-5.098251175488287		-2.1751838252413958
-4.540360411793465		0.3698396174640023
-1.0109738551883602		3.3515525609840258
2.13548383719936		-1.001597122073056
0.025732148223663986		-2.5313517976467903

particle=5
-6.346387242939222		2.475628797927669
-4.488385349348786		4.34340647622998
2.4826521259116294		7.244960480223504
5.4651221385272475		2.823551155575881
4.61273158311501		-2.446602164669033
4.24078638348418		-5.424404536269705
-2.2016667451150775		-5.787217934112292
-7.421422163358072		-4.390383875346882
-3.7922595557065693		1.114106714137096
-1.0930500423177407		2.925721434820409
2.786356898860365		-0.8642737812545742
-0.5506260811290951		-4.273163458953921

particle=6
-5.624766165382411		2.9359276387123923
-3.1775084421743625		7.491307050148722
3.0045962246636595		4.451693933883003
7.210251929640123		3.0876999410370303
7.324376557214641		-4.315685794115684
1.5535264246143876		-4.880462158697939
-4.118558950960611		-5.42301723130624
-5.556374807524053		-1.5055437130994234
-3.5964891122440505		-0.13793769636896763
1.6144713517575366		3.670210461125253
2.6519714107946317		-0.6093292435239128
0.5614180995813334		-3.629240122818502

particle=7
-6.35511025908047		3.427741395443367
-3.529418113229343		6.787531274379657
2.158880445549326		5.9047589433503544
7.109393515826758		3.5820295782217366
6.921444479258251		-3.9408020400522745
1.5462401679065945		-5.029763312843077
-2.303855112027465		-5.676148495793606
-5.89498031638755		-3.006997786382635
-1.5100386603786444		-1.3190129500303902
-1.3897996382744342		2.3812870594434052
1.4722933886421832		1.4926078557067612
-1.277731061748916		-2.336443204208594

particle=8
-4.530001787230855		2.780271538360616
-4.726082213417913		5.104680913142486
1.5217187652669437		7.089782855561097
7.592283290803461		4.510900128886885
7.079744009001843		-3.5773358871454053
3.350896910754448		-5.151887799934965
-4.229121523107458		-5.021477942493847
-6.270824154753479		-3.712093294830236
-4.514737140480702		0.7872096703718645
-0.8527603885443023		3.3781922787825636
4.418110926213229		-0.8520180043306367
0.35864173773965463		-3.417646306422407

particle=9
-7.357355786670038		4.388688479300166
-4.661064260364498		4.873880092385592
4.548237212098356		4.771693671463696
7.64035229451554		3.0546340864670536
6.704743891543378		-1.8089312329587441
4.446572784025972		-6.0137147874208585
-4.293871149125268		-4.594649281849241
-5.586279321784617		-3.02154759050489
-3.211044413023101		0.6233993554756871
0.8142073662894288		4.574152282451305
1.3317858991776643		1.0692222215049887
-0.17189719442649487		-3.009971739501649