connected_vertices=8
0	1
1	2	9
2	3
0	7	8
8	9	10	11
3	4	10
6	7
5	6	11

particle_count=2
vertices_count=12

particle=0
-7.238930913575114		4.28480681006995
-4.469528685524048		6.964048701827379
3.785175932704141		4.6336038766576895
6.758144379603291		4.10712286892045
5.000622002981616		-3.5392337340448403
1.9146911042256645		-6.279988528737209
-3.6646259549556484		-7.376186986262095
-6.6677622063250315		-3.766395256908618
-1.965910882013818		-0.4068311425746798
-0.9414460352134987		2.8157012437329905
2.6843084697248574		1.3375271585349935
1.5173745991397396		-3.327381953694197

particle=1
-6.895051040901344		4.518237967071309
-4.241337835543814		4.4603185129742595
2.8107616391730605		6.924991035547615
5.782775325320389		3.716149463461192
7.252342245858626		-4.644791002401719
3.6041481346713393		-5.940227681496228
-1.3593585105810864		-4.769876404960642
-5.978146407158786		-1.8742086527359063
-3.1310214425637057		-1.3422892527896
-0.05716180126583359		1.9718441377241096
1.808209895561145		1.312221279274607
0.08607032166997047		-4.067316439788963
