connected_vertices=8
0	1
1	2	9
2	3
0	7	8
8	9	10	11
3	4	10
6	7
5	6	11

particle_count=50
vertices_count=12

particle=0
-10.70257748315436		6.485103436316848
-4.114536568274113		9.270881836032684
3.730712591211485		8.996233441784314
7.529021430505537		3.5887922120322786
11.28272121409632		-5.899417113096919
2.018526869272566		-6.913739291513666
-3.710222006240589		-9.126461111817921
-6.75712363842013		-2.1637542043706395
-5.061493756557617		-0.30796122208737786
-2.3486959171781763		4.888398236540797
4.187128143563489		1.807102551576787
-1.6754634534396402		-4.85567483555388

particle=1
-11.337318147819524		3.728473200681977
-4.7474750967051		9.81617230566228
4.369985161488383		11.200173305287514
9.499353261010313		5.248563434905879
8.781507039729426		-3.980073021807518
4.245177475518084		-7.438985063581537
-4.5307127971693335		-6.63430506697292
-9.662655345716894		-4.251670231430033
-3.343347499119523		-0.017578057911571965
0.9615772632675151		4.537692412303417
2.753047174597044		-0.30454309655510603
0.8992483664316742		-2.131687860829452

particle=2
-11.18931920209435		4.952528638910966
-5.454721915962216		7.326593319768829
2.9833779804141827		7.966137102581191
8.20352917779125		6.835678622017443
8.585978602623925		-2.464533250628525
4.940389582225532		-10.99994159513451
-3.590026449921562		-6.918027529370423
-7.734866028526859		-4.653581937157381
-5.5161148948646295		-2.329614650897805
-1.930386533829619		5.201485175919841
2.4762605531402526		1.9772154328017832
1.6648315363951893		-6.938991646938275

particle=3
-7.09929985389851		3.3078917009090967
-4.142111001425631		10.876177912864334
4.098624952810205		6.702710531917361
8.639501410226277		4.284387483715285
7.369085404767986		-4.451882558715636
2.1623749283313396		-11.011841685873375
-5.8861703849013		-8.644900083055889
-9.8085766154981		-3.073055297310021
-6.973712907373754		-0.6498437060734813
0.6894698930079624		5.517260981593289
5.794531401261738		-2.318870442143566
-1.5556063295236189		-3.15923272948756

particle=4
-8.018836473698299		6.72196114953975
-5.6590912970158636		8.267906423673512
5.016027578928587		8.642326040138608
7.723291253940223		6.596081284063486
8.72829884213635		-2.5273149043235
5.1234940501918915		-9.483664456241625
-5.823323536004809		-9.01278775855024
-10.776833736653977		-3.835393855590326
-3.6034299390398523		-1.706300776302629
0.7456741118621124		4.5602623398946065
5.601434243165841		2.4340196735403277
0.9748852392468471		-4.256095806331738

particle=5
-8.28515104781539		6.783494390278172
-3.228778200021512		8.671698739719272
2.343791085135083		9.978689027025194
9.658102429241202		5.698895252750235
9.423294970855537		-2.9492040619497977
2.660456158596298		-11.119094438564742
-2.419411517251561		-8.000752773967639
-6.903766602798381		-2.859072888988584
-5.704310600285058		1.9460438698344296
-0.4089782036613948		5.5285186488743925
4.448064388917376		-1.3784934078595663
-0.5023496744687495		-3.2037345590140753

particle=6
-9.181551544708704		4.823372949757211
-4.719031960164802		8.812525836905305
2.919528820631567		10.73895632947853
10.290565885872628		6.221059201672957
8.711980995164046		-2.570113257456335
3.4397352409695126		-9.787046215538771
-2.6443200825666278		-9.41616492845755
-10.110844353146838		-5.94379204127838
-3.1964748592291774		0.7817705982529088
-0.7346231011613796		2.9046081590999515
4.1267521342938505		1.3889313131935426
1.721011303808343		-3.2097727956182536

particle=7
-7.372842200621055		2.5828051478519853
-3.970166927187073		9.498943052329185
2.3516051992563103		10.304553910460012
7.751101560861797		5.174595490835318
9.491208655056438		-2.192791957558311
5.121845714286729		-8.036531578572742
-4.921137541814937		-11.331186439731182
-6.8772645440246265		-3.332924225217126
-3.4806790587236716		-2.153287298588926
-0.6959193656399887		5.372636035181528
5.5171879688694645		0.6135758654007578
1.351199580680943		-5.605361121848876

particle=8
-7.26446588424927		4.117504056113801
-3.554989057127693		7.38039691936464
6.02300251569833		6.680154555652514
8.048691477793238		3.664583398712422
10.254251073507211		-3.393610896731597
4.945784980010634		-8.090085011481303
-2.1326997448025704		-8.355995561277116
-8.708314330203084		-3.16355756816393
-2.5456478027454326		-0.005953178024297734
-1.4710987426697553		3.9589552292655954
3.218143729373902		-2.38329517228524
-0.7320693949058343		-2.973980754932819

particle=9
-9.830858573865521		5.038372733706029
-5.457909234697075		9.012347257503372
3.0274277845297677		10.921756366558366
11.009674967189584		3.9236026326631723
9.407773858673801		-3.241144387451511
4.239956539067794		-10.49267057039563
-4.975091721153172		-6.843231968340666
-10.943420599262428		-5.132130988658898
-5.846607200595397		-0.027089163724153265
-2.3249768286033072		2.70176388775755
2.340120314171053		2.126499492059317
2.477025903012861		-6.47276654765348

particle=10
-10.810766945206923		5.963389843755429
-3.543072418967273		10.722708011332832
6.081682714836353		10.21488420781472
6.864039210673237		5.615237570394756
8.575880130534145		-3.5561531681152765
5.159678204517322		-7.491526771373669
-3.091101715984142		-11.148151700422671
-8.84889375693764		-3.269575401655587
-5.44646439302848		-0.05302510116531545
-0.5307055344327283		3.715058683521911
2.047326818829872		0.6116294896485314
-2.3409042392589936		-4.916353012468851

particle=11
-6.534882851969202		3.628423060385508
-2.0336648641206834		11.150865517241293
5.591905092715075		8.705456127409587
9.928891633530721		5.588921523423105
7.258848327759166		-2.2868191714218105
4.694370505713568		-9.657597582805227
-5.1368769570298625		-10.295321096447466
-6.901840254230583		-5.117202070106967
-4.40893781654521		-1.7607039337194368
-1.6982740072205404		2.8631665943629057
6.926406655866482		0.1120224903505157
2.293829016456316		-3.1909230535601245

particle=12
-8.772338150216676		5.9909790786776655
-4.494397044045145		8.53748441457577
5.654485877704934		6.667225885893503
10.016765643076415		5.951780241971279
7.688115056536748		-4.582165150182305
2.9151265366892494		-6.791607680295215
-2.9661617302428516		-10.405155204767963
-7.252955661809122		-3.7426863373260777
-2.838106240737766		2.147818550091263
0.8422979557312665		3.1601186555309226
3.1120885577860036		2.34374505173301
-1.6934215906735939		-3.3956212053769685

particle=13
-9.27059732282936		3.6107149703314843
-4.511109665810479		8.871019888425453
4.489032738972179		8.022916119947077
8.075311504887669		5.478886929160131
8.929880887644224		-4.143350066877007
6.1616410297754864		-8.74920853285464
-3.635357710385661		-10.439202931867895
-11.126435950962197		-3.854123217169954
-3.7519762306703117		-1.644706869515839
-1.0069447317698428		6.399575483660646
5.052437833019812		-2.3719482871543724
0.09126760117986465		-4.4225128947325425

particle=14
-7.526261287070166		5.233605829833354
-2.5191954899023923		11.166109923274803
5.548075873066884		7.433390506909165
9.983867067395014		2.8432133271411484
9.299122614837396		-6.672589315955134
3.5940298493841505		-8.227006455955003
-6.040014889152088		-10.876181947735716
-8.831805002027576		-2.481899995990147
-3.5241585248047307		-0.5612126755169783
-0.5246276374779496		5.22230648839516
6.491438433119845		-2.156643871494688
2.4386898463642224		-6.474491791149644

particle=15
-7.9140532282319604		2.7234431536232035
-3.2532541676906157		7.153111245566711
2.2953079813126496		10.87113310686971
8.33480551975265		3.1856996314140185
8.817144601109899		-2.5298049909361557
6.51100004827832		-8.321003326392512
-3.887106690136813		-8.472233527167568
-7.843884444315611		-6.128839167920123
-4.78756537873749		2.2747306802531906
0.3261367185593611		4.261299255273802
3.5242086954541922		0.9077318246073746
0.8418775139850332		-6.314253328700705

particle=16
-10.864414692133323		2.662698371307608
-3.7628619876394644		10.663202942456962
4.8489947822103945		11.062161290778192
8.237027087646004		2.957272163079155
7.088929762669581		-4.064567709545189
6.423562302286921		-9.804695599791073
-2.51159449299276		-11.049676340213797
-10.775109982729957		-6.759218648477663
-6.512426749421516		-0.9159117695817698
1.7248286251240175		2.0598570270056573
4.0363389130713925		-0.5554733033578219
0.8078708713201993		-2.7081990699976846

particle=17
-6.5494036131052225		6.002034175050274
-3.321203565611161		9.983982055156382
3.024430401465385		10.178794651175094
8.268567070717019		6.191368839172957
10.235411876555581		-2.6929119424125227
4.074355841074523		-7.669119867238883
-5.282647830920407		-8.428660543209762
-6.8296449921562195		-2.793364609400724
-6.961877200360725		-1.6620120974688235
1.212116123041873		4.93543881168845
6.000001554621683		-0.13171556914202132
-0.3308673487633157		-6.545601685581834

particle=18
-7.025912056998218		6.950029574772674
-4.641992851032778		7.895598229573325
2.8737588998899595		10.401012811173707
7.609840518555256		5.428122450396679
11.088859737003775		-3.6926746097569567
4.113127422671481		-7.241802705053983
-2.3292602248146057		-7.209828320736188
-9.313647505888852		-2.2598772483660565
-3.3240366198339486		2.379493388818216
0.05505158159504031		6.135448101838951
5.667510945577882		1.8277060437246406
1.1264623132198253		-4.494242558163684

particle=19
-7.145284786724769		6.040734833234865
-3.7853724289968333		10.81400895332096
5.9241633345809905		9.829511364384327
6.828796153641734		2.8615746468014427
9.904864348244033		-2.9467981177462392
5.559674950031239		-10.163999233218037
-4.314028180708938		-6.934688438196639
-9.20128216351278		-4.323107106791514
-4.618285254970331		-0.032076762684810634
-1.6113069852393376		5.768406328994207
2.809339736162218		-2.338836635308394
-0.1530135271343791		-5.3481715704333785

particle=20
-9.540235136971175		4.878675220490064
-3.85827495634235		6.54440939115705
4.235028193474719		7.322213469244142
9.704008706955038		2.525958131545839
9.036879601375476		-3.9141824043125837
3.7883437177274706		-6.518250082626032
-2.4501438875675188		-10.337904385489189
-8.916834635313972		-2.7164112956679665
-3.3955600257744942		1.4305298330724718
2.4186165620471445		2.8990497287903683
6.482008471012048		0.7138223242726077
1.3126352425476844		-4.955861188380875

particle=21
-9.268645883891185		4.850610585439451
-5.540599349508465		10.853750408166695
4.756893948104972		6.993974325728522
11.493613024753667		2.0814711954080742
7.692299460962638		-6.449898741838531
3.76604232077815		-7.69675313447622
-3.307248521323938		-9.336348665810334
-8.57223041587593		-5.401188289869468
-5.342135422444373		-2.175481317293087
0.4003420174541755		5.405787410253838
5.987369375869728		-0.9835455382324693
-1.4915790045674848		-4.4445145590766835

particle=22
-9.738454072470939		2.2198129947795286
-2.4149881203375934		7.587911464590545
3.74213562460879		6.940510635217759
8.120501216698454		2.979145182869731
7.517653133192572		-4.689067994801838
5.832396775788256		-10.833846256873262
-3.4557646719964885		-6.513468453593633
-10.733042144504099		-6.734230398272162
-3.9948007961073637		-2.3857827039371404
0.12905540604225108		5.820472830898197
4.245725252972129		2.320214446819206
-1.5733883072081896		-5.588803336144923

particle=23
-9.833850113952284		2.277603061283868
-3.5561683187571287		9.053415713691765
2.8507538244169566		9.379019539361373
9.805736837355491		5.802229355861117
8.825668058106968		-5.09087734167392
3.5496989966688197		-11.010292686785842
-5.475829279213917		-9.044924321762952
-7.1927071941867755		-2.5341943995376215
-2.697339903146706		-0.6391272547140497
1.6783235785758377		4.2882980513310205
6.430690678627584		-0.27423596578021237
0.5553479717740695		-5.807422919776227

particle=24
-9.372175437016567		6.768174660998299
-4.015332886588155		8.90535807811236
2.7116742596430736		7.414340662714652
11.214213192957825		2.4092242772276107
10.93862314015295		-5.837479788102218
4.413769210493616		-7.586595568326944
-3.650673258709672		-9.519728035038227
-8.912092147887313		-2.6829631640030027
-5.59428253297285		1.9923416693209772
-0.8872235881239404		5.269062191040309
4.736669488258611		0.8901852605692989
1.8043490233037334		-2.848452720427519

particle=25
-7.592520031225426		3.969501323689524
-4.8806570717492965		10.492170934037897
4.622246567583899		9.844993650781948
6.926155479569231		2.793847702666767
10.573346743241697		-5.5865857185954475
3.9540177708337763		-8.656321189366595
-2.7158844104879902		-8.968654471879306
-7.875772255569654		-3.8376556836881925
-3.734938839379229		0.9724275768650237
-2.4874507249030717		6.020161181137784
2.748845163535567		-1.8913222622082748
-2.186023094573124		-5.989611685091189

particle=26
-10.41560440961032		4.3713640909934215
-5.420200921802313		8.820531559238935
3.0474919857251495		10.281253771691757
8.176739404552528		4.167148756340701
7.487812788147035		-5.593560518403054
3.063456998661983		-8.754589595462736
-4.90580588863809		-7.953759610211287
-10.434979844074682		-5.507621268008334
-6.624719342402683		-1.2546362303349445
2.1047812365392526		5.23815046953613
4.74898283400791		-1.4597356204150431
-0.7099712382135009		-2.8868226087886995

particle=27
-10.900036268584497		4.099799916465386
-4.553123796366721		11.400735626044384
5.258769121677671		10.388328429697962
10.744270913582202		4.312411353615292
10.800485749702268		-2.6856316259831754
4.381776904399718		-9.713667782628546
-5.22413131439199		-9.984833156731943
-7.6490320403628775		-2.65119588534575
-3.7274759529535952		-0.18388273272807787
1.7242654283639414		3.178078225866575
3.4964574509568447		0.7822902235189183
-0.061569576573993756		-4.506366452408787

particle=28
-8.571583816298542		3.3708430046818543
-5.889773515680854		6.670289042462281
3.9239072084666464		6.930841047955418
11.111997304571346		3.474019477119437
9.330142617750406		-2.9255623746896076
5.51956218333198		-9.681344591083185
-4.128058796197998		-10.125684300099392
-10.14086371376853		-2.716607738876049
-6.314986282343128		-0.9392615882150279
1.9938385522005948		5.04313851297472
2.0541452611574793		0.6374111027257823
-0.9509148946697588		-5.293204745390188

particle=29
-8.08090566806766		6.037030875935603
-2.7712771473837114		9.641617702568585
5.928153362952687		8.332936293473542
9.261738728680346		4.690338036060512
10.530809303434475		-3.172584103008059
4.953039688203476		-7.2075790518569995
-3.3553221480904103		-9.462209388564881
-8.912859235029877		-4.282546731825042
-2.2565725440198867		-1.9842608590849264
-0.9288357300180933		2.8057707125425866
3.600208514784515		1.5346781899336748
1.872696857626872		-3.6848216516753824

particle=30
-11.491817907277046		3.985279356305525
-6.179075107791372		9.085840988278093
4.034995341850523		8.284004129855735
6.840421380440189		3.809449084107639
11.434453103051533		-2.652830674235349
5.712682395657856		-9.396186439020232
-2.1152999714458236		-8.096440159327376
-8.402409403181915		-2.476402791810291
-6.282294417099415		0.5820668569043408
1.2657314924944245		5.741202065563533
3.820881768496247		0.5933302969507054
0.17243321358247077		-5.358600890499857

particle=31
-8.43164484833291		2.3493399742395904
-5.776997571544247		8.749245910036976
2.609576765916144		11.028818432692766
7.945924730461025		5.208786340703486
6.579911326791624		-2.518111892416613
6.090149030303176		-9.43480167327631
-2.998602635376799		-10.111716083074056
-7.803166021684634		-2.7461151031429636
-3.8900840213278283		-2.4550201476532547
-0.9382122902916185		4.8268605761986185
4.490483545201141		-0.737318652868057
-0.9870488865545107		-5.731006247088764

particle=32
-9.416027863647491		2.780445967537301
-3.9940846643669676		10.830244514637332
5.6913955338232665		7.56227052735919
7.128812454581228		4.964998861691291
10.22231792603103		-2.8524644110686856
4.214407146331835		-9.361191295814384
-5.160047136482205		-7.807986464244921
-10.735394249447399		-6.486448385016391
-3.862872357518226		-0.7695720796021727
-1.8367024886475685		4.323342200624541
3.4012748277133094		-1.0150487918372175
0.7089425105561914		-5.27278908646428

particle=33
-7.920870949694583		5.737406861109451
-2.5925002310373726		7.210561506301418
4.72817688803504		9.93271576342694
9.866288028225492		6.499255513915789
10.227995365396728		-2.6096728661476796
2.0181711243396077		-7.35783488461924
-4.4005189212495255		-10.237855194636477
-7.92324316967202		-3.022455592439936
-6.929708197314957		1.3702957367906992
0.4494636475121577		2.5581537576640345
3.1933998290851684		-1.5797840896060773
-0.7592412776490104		-4.662673280001307

particle=34
-10.628602888481236		6.586087758287529
-4.653857177566518		11.38800564188637
2.0642932914082097		7.799604169538487
10.392071791282715		2.320534839537353
7.761354648250955		-5.378401208360379
5.961647864242039		-7.319552734916801
-3.617831176046515		-9.154963791662471
-7.867837710858357		-2.7400472414679014
-4.853704383989169		1.4984688810789
-1.9541355949127603		5.55456024321346
5.275325150206209		0.18084846917907182
-1.195729247445843		-4.702416228002134

particle=35
-9.359464480965107		3.556208515668956
-6.788777853443768		6.7182655033706205
3.883396890823248		6.563256258911357
10.923969291869067		3.0967302388619387
9.03592522484305		-4.670487756202657
3.4083879992345043		-11.291255792572063
-6.428732475102539		-9.473156148520859
-10.082345569273784		-3.2428761326358755
-6.2212314916162095		0.9544761370777266
2.050957366931751		6.827545450896926
6.92191977524284		1.1539530482339566
-1.2558141081854162		-5.113819936123003

particle=36
-8.913927536774924		2.828059924461712
-3.6244862055238682		10.223368720127619
2.5180497202316916		10.805260278445806
10.135307052505368		3.3935419565614673
6.63051508145453		-5.688436979565131
4.554874484195949		-9.480869300615902
-5.567228894808509		-7.732838111306226
-11.099794426329025		-4.229015658144217
-2.9372108986840595		-2.12315491306165
0.7868621227901978		4.2065946710522155
6.72065672302135		-0.15672388863836595
-0.6769851969670365		-2.3696593612805876

particle=37
-7.965451456423699		4.855058551446951
-6.869053789476556		10.854168479507276
2.0996324713680323		9.230263240414535
9.626597938877609		3.8873549019738105
11.457715106963395		-2.0912867326230087
4.948650847649612		-6.556619165893493
-5.700448675912192		-8.893969647702795
-7.274346294383797		-2.857241095869817
-6.218145968151415		-0.6398191848270046
2.4102389941481417		5.447483758681021
2.8812237650675314		2.1457010390030145
-1.0218011903770063		-3.653514245273305

particle=38
-7.144622824064527		3.5879949915731713
-2.550563803704695		8.296872229092063
5.260679239635293		11.145892368953408
10.054764012964093		4.782751506379276
7.424681787093003		-2.3640182202515607
5.5845882782605205		-6.769575263576206
-4.75745707047906		-6.741837191063154
-11.466295618593868		-6.523989029408595
-4.962021421756035		0.40648362334872623
1.0191318454674947		4.429916590142954
2.982715410163168		-0.21205485291071635
1.9277584371088614		-3.554157749553741

particle=39
-10.491812086854678		6.3797124949813675
-3.0051096483300572		7.67595609098619
6.521604061145622		7.010367556428777
6.8585071199193735		4.045036091232238
7.32145176882199		-4.479503505028113
3.070822817126573		-9.907435950636842
-3.820471864900875		-10.717529651904675
-8.300555946017623		-3.262645440659771
-4.38295147849348		-1.9077776387489664
-0.15647091553579018		6.779487189518234
6.690322842044042		-1.306218617474682
-1.3839618878427973		-3.3212795421784183

particle=40
-6.924937801156097		4.36564397262388
-5.030641468201549		8.583609931622464
2.0315805546783396		10.361767994895107
7.651498529411139		4.258090814788475
7.887461763012938		-6.3876195934088
4.322294527773669		-11.244816029223426
-3.1020239802679517		-9.193970636461794
-11.058314528351604		-3.9043262480222776
-2.492316738462946		-0.03329579640330205
-0.22256662322377885		5.407629411441929
2.0046150658612953		1.7436502295076706
0.39732793772739916		-3.4198624433111693

particle=41
-9.632122529621336		4.731619756622014
-3.3807028774417507		7.387794590717257
6.13321596066327		7.109110063039697
8.613939581029696		6.326344390919834
10.762632059348109		-4.368084092781352
4.771546383008354		-10.308293525096378
-4.6218552419572685		-11.307602867531168
-6.679709913578556		-5.7615163079359215
-5.26121178997516		-2.286947519152949
0.4318134491773873		5.671098511956545
2.485015599880852		1.1773156204999862
-2.205260543809731		-6.007466904671508

particle=42
-9.13858681198995		2.8213960518934185
-4.581097611430535		7.575449661899263
3.568435206073959		9.074420556158246
9.93576703816443		5.954918604300923
6.692921471611399		-4.351562097617435
5.887489912688331		-10.889987022120051
-2.0951163674580147		-9.621243163310485
-7.140659931028322		-6.839359219037249
-3.7934752586897202		-2.033627670790908
1.816615028976834		6.468015558838434
4.143864497102165		0.04499590201069881
-0.3830642849925392		-4.0669646741321595

particle=43
-8.86739238514584		6.50048321786
-4.834308063357677		8.58683631250023
2.0499045692959834		10.645256103426481
8.499179077198425		3.941769329989018
10.19785313351089		-2.159375486018228
5.567002450575844		-7.445209484020975
-3.018460638889336		-7.979072728772968
-11.020410692843095		-3.7311294854364445
-6.7997276593256935		2.40144221716978
1.564466090217903		3.738938735972112
2.2118437231851553		0.44826108286500577
2.1287146224233093		-2.778982158634637

particle=44
-7.9575256938352394		2.30267014110497
-5.768227603484961		8.615577036024483
2.2687229331279206		7.181048691583985
8.649185164328937		4.097165824782802
10.081322272106508		-2.2274759551604557
3.6846326124654416		-6.5068836985085525
-4.532672012520209		-7.752551639863627
-8.644231425204767		-3.750885221172892
-6.45436499608049		-0.7237654798434251
0.9567334894145446		6.491529923225088
4.191344749166985		1.830491234760886
-0.9186689429147388		-3.3728880366310525

particle=45
-11.409017890916818		3.616818073114596
-3.4662374423006055		9.793149224373243
5.3774112561668055		7.084379963329354
10.961307427024677		3.362067945946367
7.5677941270875735		-5.164444871294476
2.9181476727203703		-9.482057575424776
-6.028545799551752		-10.870118028045823
-6.916345850825449		-4.881416450974929
-5.784017588191322		0.4576826114482274
2.4922961253545868		2.3345028310855986
5.824060095889345		-1.0052033354821326
-1.9756608540278937		-5.643913386680957

particle=46
-9.977333708654944		5.996510042977678
-6.434425447809593		6.85899715343098
2.019258256245588		7.546811496210465
10.588516938594717		4.641115208541637
7.432660252621377		-4.30236447865605
3.7398657727982787		-8.523769681844929
-4.781556881677045		-11.284735256675793
-9.01440120648037		-2.4177103480477777
-4.260008164004054		0.1352429040905434
-0.8937237088145017		5.442576556273612
6.537702292648057		-2.453740019996224
-0.2595943096689929		-6.605956144538057

particle=47
-8.583571676072323		3.349921103142069
-4.2529378339222985		10.546905671980188
4.975931711206004		9.648183904718248
7.031625714118782		4.725872358467532
11.181500504470218		-3.7158832969268962
2.7872230627691894		-10.181555747228336
-5.985424076906497		-10.6459423262183
-10.241274093449011		-3.996612173550809
-3.5327912011093137		2.1815406069429977
0.0941890679271018		3.0821130041250004
3.5835080785638085		-2.118975381619354
0.3169578306794407		-5.587911304040379

particle=48
-10.546718302948676		3.644949836855778
-2.2788127522833657		10.48721806787381
6.022538105221853		8.146530507045101
11.134610642082055		2.524686943356683
8.574491309535546		-2.1712359304402056
4.289567533025651		-8.733152674828824
-4.568851454628046		-11.095298567702848
-7.281061841046745		-2.4485833628221902
-4.520315901549292		-0.5340681085692667
-0.42256621608881495		2.2448735594890916
5.7581404662933355		1.1932950077815263
-0.1902847338002811		-2.8070347980276003

particle=49
-7.490781328912193		4.762183348033793
-4.731883878969642		8.10837883316931
3.964221481772173		7.180458310042513
9.82439244414685		6.5664918443613605
11.137530427098431		-3.008498320009852
5.279285833138125		-11.233361915208022
-4.679020354489389		-7.9902146863572785
-11.450912470808044		-2.2219676527453602
-4.87750356431405		-0.11899608558524621
-0.8284020018482591		3.4288232539382544
3.8854429303708176		2.1933611548248804
1.1059179082418154		-3.6330016963077405