connected_vertices=8
0	1
1	2	9
2	3
0	7	8
8	9	10	11
3	4	10
6	7
5	6	11

particle_count=50
vertices_count=12

particle=0
-7.0087376244328174		3.946261743093048
-3.082856306885348		4.988572710701309
3.1546192332521015		6.749151670847569
6.689807564671461		4.515798117380157
5.461550835576453		-2.733412030452774
3.526355825226037		-4.971698148220353
-2.674857259070529		-5.80631571500077
-7.052905037670324		-4.786342592895448
-3.6095698134248795		1.4804380926883782
-0.29657820454677797		1.7713501613349316
4.135721543000068		0.14653248574648314
-1.9985601351741673		-1.3780305774356627

particle=1
-4.864321551886471		2.852170985516247
-2.8671855209277695		7.062241731497174
3.9985941514622554		6.263532314936307
7.96877717714647		4.158642935283535
6.275233191308714		-3.7487938455442085
1.3927262619138756		-6.208434158477947
-2.856606360133694		-7.577191196609856
-4.3097580803962465		-3.7463586372259723
-3.696329830287621		-0.13990057059654282
-0.7304591730469459		3.004837009211356
2.15638146761007		-0.04733178099345947
1.9059738929312164		-2.6072146760825823

particle=2
-4.6174330789758145		2.9262780614431207
-3.94525124098177		5.5241997766760615
2.7440803873760595		7.1208990844961715
7.042437860785235		2.0460010003928724
5.790234312408579		-3.5117509670163116
1.3564399268892733		-4.078210105004553
-3.3732862713051563		-6.907272043087843
-4.212738703578569		-3.5083195210865075
-3.4296889946554927		-0.9681227159930028
0.5755777162347755		3.007357305447267
2.623287366310928		-1.5093996801995364
0.44059557831303486		-2.9983474962579773

particle=3
-7.784078033600797		1.3249420764838375
-1.602553023390045		7.232169563091901
4.910763429583952		5.75016390494689
7.309893202228974		1.8149865144545876
5.755892172954108		-4.685565355882167
1.7275172773609109		-5.978924617245566
-2.011071005526684		-7.681760576527179
-4.363610609214062		-3.4789766805779623
-1.7991674371804849		0.07600147880269992
-0.7574356657192944		2.031208241492532
1.9879472098645565		1.9458999553219445
-1.669250848245838		-1.53292889641929

particle=4
-5.419159323361388		1.2043106865186757
-1.7951234948999182		4.8811981764443235
4.305579214282636		4.08699913049213
6.755989671380343		1.6481487529835364
6.87247816473071		-2.924544102560137
3.637315813835288		-6.099779325549117
-4.650414089300706		-6.545966854192092
-5.034221256798695		-1.2927563540186098
-2.9060820339446596		1.1751044379233115
-0.6319560412040914		1.0712801381807644
4.593625458987736		1.1442138652509417
1.9873210431618302		-3.01027319852105

particle=5
-7.057127226064495		4.656541971244728
-2.426982058386883		6.071540249790104
2.111994435924497		5.369904545597498
6.697359202215965		3.578023616757955
6.791332493177311		-2.966176427602749
2.5511827893386823		-7.1341123117620615
-4.624881767680555		-4.992128736639765
-7.7992789475085775		-2.005933821092457
-1.0048617730167		0.6199603005428473
-1.5268497719046632		4.825045809633835
1.523119467344547		1.8178405147509245
-0.5820833551481428		-2.789888512827097

particle=6
-5.686301602274873		2.840912261679081
-4.335922469240341		5.9574013259292515
2.9771249460705445		4.5824502733276935
7.436600665759769		2.763458761460132
6.697234522394586		-3.505651876599665
1.0678557661896249		-6.740550700397232
-3.070622954183789		-6.716899198166943
-5.093159719084172		-4.322114800438879
-4.915848933243778		-1.9828838009995615
1.7795714794158766		1.1938267214962273
2.243770250684717		-0.4711782708855754
0.18807057320808074		-1.9669351974312912

particle=7
-4.4944374189269745		1.7675658428150167
-4.159041971648351		4.543317062552048
4.827733333814753		5.226687755745687
5.926043418000548		3.865543696717644
6.48953781986041		-3.663107616414419
2.315885281700849		-4.389971837625815
-2.2607525248943734		-5.796562098284522
-7.7409381148258225		-2.8914354614933084
-3.1495906014204027		-0.32002850957244533
-0.10755672635518021		2.6604014556179085
3.3024789369778462		-0.35958788197312375
1.6644305191610886		-2.2408381709796927

particle=8
-7.429018634149071		4.983624933090249
-2.6993607939938364		6.293143187533917
3.4201551076732537		5.699375508632476
7.504841008003597		2.4917504183972614
6.038795591439703		-2.5783165501298604
4.90950729695318		-6.508671648437303
-2.902507564719305		-7.145298172843965
-7.046148596965155		-1.393910190093937
-1.6758339605906092		-0.7595861867884262
1.4712380910034546		3.3266351376336702
2.5707829164814697		-0.049440505749304364
-1.2181520329937863		-3.4429414180723663

particle=9
-5.41703521167507		3.993563736147262
-4.277141218236652		4.882464792875751
4.859487521164983		7.094535635735946
4.076907710256516		3.3968177400066604
6.74590328945469		-3.8541917204227754
1.4493333834132147		-7.183262405303886
-2.107236248920909		-7.523563000718049
-6.399901393157112		-2.1417405248635433
-4.091724209409502		-1.9112902507299272
0.6075223082794556		1.2716116644719473
4.236455831650375		-0.7824926910733145
0.37837524983962467		-4.567207838893072

particle=10
-7.730564018007263		4.983454656040008
-3.626653646889738		5.440934821871476
4.00584628944043		4.036744289562785
6.488367923097249		1.067351029230339
4.632842268675608		-1.4113054978680957
4.3919419446075505		-6.990445073402622
-4.4521942013690925		-5.091127803365634
-7.092094541066485		-2.4073589187870956
-2.283616993780235		-0.819015632002527
-0.5487155280851943		3.7619586118579385
3.8256208800475604		1.233048619046711
1.1464577892949488		-4.039571652291103

particle=11
-4.17046722530302		2.160651587230779
-2.953044698379153		5.491537058762246
3.9045196566973717		5.8281095671839225
7.276710170145474		1.883372687670112
4.619552224377742		-3.109960995351671
3.993334547199228		-6.0467325252873305
-1.956528541450147		-6.26414991597043
-4.62886775255058		-3.0772009445370094
-3.7513463590911225		0.9180411083515727
0.4987962756344828		4.838872146741744
3.9305923605834514		-1.872588835149763
-1.5466598336355908		-4.94161879649541

particle=12
-5.321829936831994		4.065179622041947
-2.8904520132471276		5.958883474458446
2.238992015778293		7.1879576075156395
4.530577566812534		2.8530345567700617
6.413520927971245		-4.887656380971594
3.6585361221442376		-7.235202440684606
-2.3999039353285667		-5.19451404367484
-6.385940050539567		-1.6853691702684355
-2.456104984769072		-1.98297011045667
0.48871704615250033		4.034477344370805
1.7002935064953126		1.490122004293728
-1.4108727904937441		-2.8568715020582798

particle=13
-5.2690310911945915		1.714585002712972
-2.743669496303822		4.853219735745157
3.1243619956743904		7.764187302126764
5.107320082369323		3.3872025529025613
5.448616960226762		-1.6051380230025885
4.5409727495468974		-7.30772419556625
-4.073229955011962		-6.168941035111779
-4.106736276439687		-3.2945469008859636
-2.106681845195477		-1.3235747334322476
-0.10175450683922582		1.9874407344610003
3.3203750831272805		0.3745108997990352
0.14051388094603556		-1.989610867800168

particle=14
-6.869824517856996		1.4743122994988203
-1.6613622696779857		7.511305249666055
4.345130250340488		7.647590517300575
6.253617392428075		1.8933287379210895
7.175150197629334		-1.9794493204367605
2.6511864636930484		-4.606757643019137
-2.7194186599801218		-7.954702220719218
-6.439845504695198		-4.318692563727636
-4.335030745995647		-0.6186588536701239
1.369357384810542		3.78323616072726
4.045794562308865		-0.8949310351356448
0.6616614338127969		-3.058763261933068

particle=15
-4.432932084178651		3.7435778031959166
-1.186570493890104		4.701565246367679
3.5973581927412965		4.023078190315542
4.176482955461481		4.878847781351385
6.033721813538414		-1.5494787666586554
2.2249678115264375		-7.743428559025691
-1.9205956261914952		-6.3744382972801725
-5.86786170222161		-2.546041170275172
-4.616424319088839		-0.32572820947176995
-1.3599977341616953		2.7688653023768612
1.996347947499396		1.2310307411306587
1.997637449010596		-4.037687153682871

particle=16
-5.661252600770101		4.853079405217038
-2.662220070757843		4.4460035413000405
3.3302809914378138		7.237714496327021
6.275292697015345		3.5714448036780237
7.38315495724351		-2.5635744069314454
2.0537077591358015		-7.312222286276336
-2.041721166249432		-7.705875350567705
-4.511286525556697		-1.3126486733229332
-1.0242178723034812		-0.511860013152504
0.5862592637680368		4.1081302291964565
1.5171256486058882		1.8412370380838188
-1.3748855231530808		-4.3575668429244105

particle=17
-5.789669815774919		3.9887992188095183
-3.425562185047278		6.939573407759155
4.587026532936487		6.245115836505987
4.91760436949995		3.7183641330884223
4.274599155974102		-4.960874262383797
3.2414983515917615		-7.222126244413041
-2.453334018548833		-6.8531856384633105
-6.033090282706608		-1.441881657397908
-3.8416117000190972		-1.183599866235968
0.5615484878178583		4.015386024482692
4.713271488209691		-0.22904135632200395
0.1117878769602263		-3.0708374568311982

particle=18
-4.832899424021381		4.935185862739351
-4.66345459642025		6.85852848744152
4.6101901869680315		4.666857458004355
4.744402173894034		1.6351053588474658
5.11708214344309		-4.558900588647762
4.808963859094247		-7.665947621547199
-1.5771039965676228		-6.307449530782526
-4.296157307093456		-4.519977401392838
-2.153281152674491		0.7376984726676512
1.9799509755777889		4.554339095613756
1.622956018957848		-1.7697763378605744
-1.9967007603166493		-3.329758380652205

particle=19
-4.765840271426571		1.9737446594778452
-4.98292109424815		7.8847793850460075
3.6190118159019735		4.8861285528179526
6.49070149135457		4.751885087081773
5.005940392746347		-3.0863838761342786
1.885346424592019		-5.022400920175222
-1.4069682681340123		-5.45757230732592
-4.482632494242073		-1.7515398117952925
-4.159678138708845		-0.6562648648815608
0.15980972844821295		1.6570017856533132
1.0161034438544645		-0.2838395247007206
-1.1649159937025173		-4.468823193195465

particle=20
-7.21073005045632		3.9396844124605797
-1.4535923941734943		7.079155668269809
4.0634117857886345		4.674724522753179
6.25754937325846		3.76061020096642
7.750887047491673		-1.2254633460753235
2.6985441332247886		-4.681543426188138
-1.816978792951181		-6.400376966344592
-5.017420542060852		-1.9892787245028987
-3.798644395750842		1.8706364557925839
1.9918415617505434		3.79869484696115
1.9779965756998314		-1.3840953498785318
1.6277133217802917		-3.083425975559988

particle=21
-7.584304853291746		1.999376211179678
-2.8295681233267995		5.016660007619773
2.116644504750089		5.433359372673733
6.856114709087673		3.4146610914802906
4.347839793915502		-2.3191492573138865
3.6908768040218294		-5.4092085687039795
-2.7287372955247435		-4.093025580332414
-5.43909517932773		-3.619780268376503
-2.0587422328390446		-1.4797790080079665
1.1591260824399892		3.2283008041281627
2.9183907239998033		-0.15205779462887437
-0.8906305459639885		-4.256681830014943

particle=22
-4.361479732568475		1.4480214977522952
-4.5987728116991695		7.797862879671603
3.4590594106472126		7.102010856876455
5.958175050248551		2.834429100205504
5.911478498525863		-1.9036172233855595
3.052245423118601		-7.233568999767542
-4.6234813543324025		-7.560782715342016
-6.418997722821868		-3.1953803871487123
-4.236508986789872		0.16042803808709794
1.1645386628564465		3.5702114968047467
4.730332530866008		-0.19691145701072132
-1.2172839527910462		-4.1857454870726

particle=23
-4.942651961533812		1.6015288724602623
-1.264635716639901		6.409382381667735
2.4382384292035453		6.972398858765796
7.815141624862506		2.8026641474424174
4.676994539427577		-4.648236734701032
1.1027814708082642		-7.806212335092485
-4.864679313077435		-6.785467123510313
-4.659937427224419		-4.385911315133696
-2.458816205675608		-1.8741062072856614
-0.1733703636899766		3.3415023657312903
2.224684558954799		-1.954860697112291
1.7677747292158643		-3.8624045206388367

particle=24
-6.3641573800081765		4.425176681641243
-3.7494192872520236		6.4722464354814475
1.1992932953736046		5.935575146087421
6.407831009771885		2.11888702071717
4.1785410015243905		-2.9717077384710593
2.0440294060295505		-5.933964847300077
-4.020427361117191		-7.930397057487707
-7.7312979017208665		-2.647468287884946
-4.144775407253128		-1.7696997176240221
0.2171719915866479		3.4416684136483293
1.2471629333329108		1.2649101995540537
1.4635321684099156		-1.2135023952858566

particle=25
-7.579705409281176		1.3560929850144974
-4.227035890310164		7.492752316698088
2.7833789834681473		4.710754194881221
4.95677952364618		4.846771500972578
7.576505329925254		-3.7091567962358605
2.956659478233309		-7.927518427162683
-3.60654711930569		-4.655767054267988
-6.0553114908697125		-3.8768502905503666
-3.3679539823254276		-0.07916440546685077
-0.6655880375983845		3.294157524937672
1.6084272527834274		-0.998062429098828
-1.8104432016780705		-3.849483280635048

particle=26
-7.791048878940355		2.562738292438173
-4.098881769136098		4.10538288496036
1.1874941869518696		7.210671833415942
7.135428530897318		1.5397218757053746
5.933746195999278		-4.402585647517745
3.7071281407690853		-6.516727553748837
-4.412980766020765		-4.246929426613883
-6.522449724226342		-1.8032596399361371
-1.1462094119258373		-0.4779764422218027
1.7426963809492895		1.21629780401604
3.871277548384919		0.8213782304615509
-1.2127624042076595		-3.842781477396462

particle=27
-7.3700472870805065		4.364684932767729
-1.8558296558233955		4.0720155514302085
2.0096072401960847		6.143030711834454
6.684207655346838		4.997324018754071
6.868829316503982		-1.6697745099313344
2.3617230199961923		-4.973918782216495
-3.055894873589999		-4.7368452037196125
-4.349091288441208		-3.2401658218666842
-4.013394345910406		0.915357018120512
0.47061185138632666		2.389192680786477
4.795055339000646		0.5674234645794507
1.5520798471580237		-3.399319210278834

particle=28
-6.233359276973457		3.308740414102218
-1.1358095217790027		5.07709537615609
1.9263849593420441		7.542892168458189
6.6417548036059015		1.2703480162818739
6.209534420600582		-1.5474606065480123
2.345813868946837		-5.0692069067645775
-3.5868828067559684		-7.0763966074259965
-5.3818680157574175		-4.054313594892571
-1.1869334203029065		-0.0899704060351616
-0.5241117079085837		2.7746121478888233
1.3554904864765742		0.20935682614818507
0.6816362914745548		-1.0103087712923968

particle=29
-7.452245247938145		1.1562762082568407
-3.993838271602432		7.378765288509916
3.63714223992847		7.552289171978438
6.694886160501971		3.9298605127017563
6.672773322962729		-3.812363349330404
4.243856825111081		-7.511215015982343
-3.5051375637613735		-4.899811803752376
-6.9720690101853195		-3.373219179844726
-1.7332245339203585		0.8925971902987979
-0.27932699139712636		3.599930379076873
2.857742529283775		1.4551761700569945
1.6165567876210103		-2.877158489827138

particle=30
-5.071699611261311		2.6681520896649595
-1.2801698550810037		4.605536425357279
1.0770576185937153		6.74612321076287
4.784027048163089		2.6112058162413736
4.426577045274968		-3.0261905101877193
4.681090147187664		-4.189015494547279
-1.1654968104812422		-4.983985792027035
-6.3779037701395955		-2.4187751475601416
-2.5927181250655282		0.4376614305202118
1.6690452169088128		4.654123049788837
2.785230734906402		1.5596820752444214
1.5320915789458875		-2.397941841782626

particle=31
-5.58154767788117		2.6779965727557933
-1.4780253583130012		4.817436339348005
2.8452110340377343		6.257937236715456
6.450843869464656		1.4348512094740702
4.350212499783318		-4.981814925162043
1.7750962758468343		-4.678241014599053
-1.72691472433779		-7.593178944334451
-5.0978891955373395		-3.627241536756328
-1.5546251526186219		-0.8934746142589791
1.0311100583063664		1.3741303733472243
4.651361353486992		-0.8911993886548975
-1.7178494457445939		-3.908828728733515

particle=32
-7.348975036236634		2.1253905120589285
-3.2466706751402197		7.99594281542603
4.894904085408935		4.4752827182083
6.978858636592446		4.961554617569352
7.841713989266688		-3.396532998771268
2.2687301854061395		-7.991818469173117
-2.578952934421922		-5.305279208358901
-7.918839687709849		-1.5347821829100887
-4.709770051321065		-1.2857005659857865
-1.7907475586560877		4.4694979889485245
3.9625955483592805		-0.7285390181752991
-0.27697609109324084		-3.189506842634073

particle=33
-6.7734637689719115		3.0203432574468083
-2.4135323332869136		6.500708158685605
2.5791206696841624		4.857785066636304
5.923736029184403		4.784235690583197
6.439481460987327		-1.2406226846345048
2.9786564785083294		-4.471995494736431
-2.303243562551988		-7.726974529135686
-5.633974385983323		-3.208156260428289
-3.6387669911041716		-1.8439591575780856
0.944318018276233		3.4652118029153725
1.0218183619837888		-0.932550033507729
0.7047221293267238		-3.4496996294515925

particle=34
-7.238394426210957		4.851017027974461
-3.7043929781169913		7.263493469587498
1.801005392640294		5.119142820785728
5.5991257309311795		2.2633076995653547
4.245812560150862		-2.0179840910476727
1.5408738077563413		-5.809200398472445
-1.0919751575224752		-5.6082340552446
-7.215449755602275		-2.3072035209969566
-2.3099800518563884		0.15357444310091806
-0.9861620867221168		1.7805765383474301
2.004626694068847		-0.07509610728223404
1.14829864065673		-2.4461907519338966

particle=35
-6.904798203057005		3.4211889707454466
-2.3958617577137753		7.384045331499335
1.0242340867193627		7.071544781309823
6.64971873115777		1.2932177716493736
5.902148329025302		-4.755773439908125
1.2186557243427583		-5.2152110738358175
-3.0204662925642842		-7.5472934744767874
-5.599574940674991		-4.053761823426534
-4.590295123640891		0.8786226749749178
0.14614757787275057		3.598317589129035
1.7573046002524637		-1.318423095743496
0.30334092750957176		-1.312057355050436

particle=36
-7.56325366911706		3.547331280296972
-1.4861738506268627		5.140816123819145
4.28412070997538		7.200320254692687
4.56478264981034		4.34328323502683
7.434707548478459		-4.659771162272718
4.124553857453067		-6.324195035299791
-1.030134941051239		-4.6988725839733325
-7.68874160594382		-2.5480584928800716
-1.1681217588931325		1.2028587172948955
1.0238752537138502		3.9983990223875856
4.828380762539178		1.7845911636151466
0.993336838073883		-3.2634739960298083

particle=37
-6.478337923623517		3.9313255743174578
-1.2808584529317653		4.425349493797634
3.4048711769794138		4.148374623030181
4.516407980535505		1.5716897857674428
7.939394696681854		-2.924933013824575
4.491009881185953		-6.623605541660508
-2.5658132320970997		-6.6639159610405905
-5.334453688050248		-2.4924412245769925
-1.700869735566637		1.630400431869179
1.5978003794441538		3.68513934705082
2.3727108341349528		-1.4018490182167955
-0.5191682601516909		-3.480364795896724

particle=38
-5.65248143250006		2.0033477978952154
-1.7448219435064654		7.122483208319986
2.036923327610415		4.1155272428846255
4.492266538451627		4.884116126847762
7.399381892144973		-3.373104538019136
1.890717213158926		-6.960761383275586
-3.397249084610092		-6.414963755541967
-6.762751902213332		-1.4581036686553723
-1.8316226369999695		1.4309000312252627
-0.6538788411816401		3.989071261413259
4.378229344336269		1.0446141006625433
0.14546940074642922		-1.2763526121569475

particle=39
-5.461966081548355		2.6111577356005045
-2.1442892065885912		6.97313244490234
1.601640406940036		6.843952773319165
6.5536262927690245		2.1357021937525675
7.178440737325641		-2.846321992359797
2.8235009024609		-5.986571348924075
-4.938838217084444		-7.450687370255106
-6.7616089650738775		-2.008903269833838
-4.672773491557182		-0.21233122420036743
-1.154515444278446		2.748657132982625
3.9998793963973465		0.82773836431981
-0.6471286474829432		-2.0810188903784526

particle=40
-5.365490938787536		1.9519071057392101
-4.6441621521991525		7.71425063944843
2.2976267722946786		7.4665115343391015
4.942054755044079		3.8461437437066266
5.774896110686921		-3.296090159386228
3.4427762646759232		-4.7608083286928125
-1.853841812866901		-5.104041302363518
-4.030789153168815		-2.8838887483411266
-1.5395173081724738		1.646020831107796
-0.10514659235383617		3.410556663136045
4.057749868668024		-0.8370384846927457
1.6539748245602461		-4.354563123803709

particle=41
-7.410663178211008		3.081718051126593
-3.179809013335493		4.852343740136412
4.896761855751675		6.093291840703705
6.165910823270281		1.1147680458886509
5.290966621684223		-1.3303464207077544
2.6722583737500742		-6.316750478492448
-1.9905341735766506		-7.925188250382238
-5.448665661224081		-2.495858707475457
-3.58212477757138		-0.560721225369103
-0.07298577936600958		2.59989321121739
2.4485895330636516		0.9483806622353246
0.7178706459419195		-1.514052444860872

particle=42
-6.315634559767682		2.350525092026043
-4.9335273713718575		7.247664725064949
4.868870191436619		6.235831386812282
7.680660617262875		4.587929185163652
6.721077833500326		-3.422042646162065
4.3553712115054335		-6.996028968769176
-4.688033230729221		-4.915587761448539
-6.293410054133281		-4.301368136235835
-2.2265462687766107		0.6881713684811137
1.1776127333582713		4.4959505807415185
4.616505865356836		0.7376224258517294
-1.0264697339085576		-1.9554989794370985

particle=43
-5.0885020933101766		2.8750918614022645
-3.5924490467410948		5.598662083681017
4.645896176727513		5.781838776595479
6.7099967691349995		4.1644780409373245
5.865224959829189		-1.815491394663808
4.102293949888794		-7.113336573561524
-2.8482145895680815		-6.982898224720854
-5.0852823567282295		-1.6390977439218024
-2.633915067984132		1.4771065948322524
0.06900925348879428		4.5916841718236405
2.612684459597249		-1.0376283815045215
-0.9399250845421516		-1.9509878495899735

particle=44
-6.6990691188092075		3.7664068193952973
-2.99028552871812		5.010183430936769
3.314678436831878		4.267249978134131
7.295448653588918		3.1405019959191742
7.73877162981516		-4.52123903961318
2.0478180223335136		-4.201080196551083
-3.923720633653269		-6.951874297143066
-6.978434765345353		-3.469013898638638
-2.584406500867226		-0.5025306382801875
0.943090303238495		4.2851346049412165
4.6872137622713765		-0.6465211421946937
-0.23165851293652429		-2.319873950986266

particle=45
-7.180077273872907		3.719857428160554
-1.3454754004714995		5.157534331630596
1.7140617530922149		4.271056318540321
6.900484325513607		3.955282440798644
6.446368152008278		-4.083045652819701
3.634627668321805		-4.164061065806054
-3.7173322795204737		-6.245592369283642
-6.214490053665188		-4.834022668801056
-4.375715589575243		-1.320665170707413
1.370906116309948		1.6985410502350646
3.522685241457096		1.1300805717534046
-0.4209260538007005		-4.630974601512808

particle=46
-6.095157109128579		1.9758329273754658
-3.0476460489575037		5.4049226187073405
2.6496652883998038		4.62390586097534
6.300666264786013		3.4528225052603063
6.479907921038734		-3.4198373730232405
4.655874741469521		-5.843663230933032
-4.186356329452055		-5.93962353155721
-5.0037071076760515		-2.7175566385812306
-2.1018938210437894		0.7901788737089923
-0.045412943271626816		2.773991228307026
3.9925480572428067		1.0059919476004109
1.4028028372767882		-4.740954998231855

particle=47
-6.808377628017178		3.6301405188069533
-2.112272303005663		7.75694322032286
1.7520604868436456		6.623987529601473
6.700035018824272		1.3068184457164267
6.965644964498109		-1.7499808282387144
4.602697658475403		-6.234496020573365
-4.766184932815789		-4.366954916298997
-4.773820293417619		-3.146673466860534
-2.8801891820911356		-0.49289065767667317
0.9293588303728448		3.2107043029090208
2.534463980420827		1.7576777563618657
1.76610813904701		-4.944942699936611

particle=48
-5.771423397268813		4.044851947054104
-4.363364188889157		7.809854696952255
2.2360282291314566		4.458589183391682
5.712661885792409		2.289416534719644
6.579091247180054		-4.292549118829426
4.607249793636164		-7.820663137882038
-2.888418851520718		-5.314491903191831
-4.169860225335691		-4.986468339286438
-1.1170800296986845		1.004431922017289
0.7804002121411351		2.2631021682523356
2.384551052899841		1.7091682998925215
0.3032861894837775		-1.7834245971022784

particle=49
-5.183949164071741		3.5768234588845225
-3.276832441167014		6.8587729275776805
2.569622940973421		5.4264177041106745
7.200148184523163		3.4773384486274863
7.979821463191197		-4.234869429296204
1.3304699794301653		-4.746543689966259
-3.9739389082998318		-7.511466578903702
-6.311423043123007		-3.7627908265156056
-2.0951012827110707		0.8754444608460452
1.7010899878607648		1.8510297071611732
3.7524940577484776		0.29431787743294
-0.12179016243635843		-1.918120287531707