connected_vertices=8
0	1
1	2	9
2	3
0	7	8
8	9	10	11
3	4	10
6	7
5	6	11

particle_count=50
vertices_count=12

particle=0
-6.892875957178905		2.8925915885878046
-2.440892009419399		7.011850928441978
3.8365428074627896		6.423878422703861
6.073246288368997		1.7949297512365665
7.7200667984162425		-2.505020185489886
4.841621143785682		-6.16247663556228
-2.9846850809173118		-6.53731046981596
-7.6929131145435115		-2.490080378489895
-2.006354426306434		-1.311884604133208
1.2241473036308599		1.6734911468698828
4.966131928988221		-1.9332839977364022
1.6663484565531852		-1.920940171416504

particle=1
-4.2578570227445915		2.573506560796405
-2.8639245429162337		4.516534701674164
4.792862095695762		7.416389591611585
6.593805179207807		3.079299707824876
5.394915623776057		-1.8915968088936572
1.5686228308444288		-7.956821756403729
-2.8468793671757004		-6.772714253439417
-5.963090391088587		-4.605175630570372
-2.4951395011897946		-1.7390241912230309
-1.2268318173178523		1.6887514150197394
1.3954020759478203		1.0020417750102681
0.652897239564505		-1.9646783905032086

particle=2
-7.4959722528059896		1.4825013279738615
-4.13989996537506		5.949156215421791
4.988542234649375		7.673569704411742
5.788766919424793		1.637685631818528
7.167824018989847		-2.137366888612835
2.7064109314420026		-6.179916305044314
-1.678407190564633		-4.988744253771645
-6.7484929752726135		-3.4695960661718757
-3.042829729994817		-1.2528074666690903
-1.95362021065187		4.2952066656150745
3.5504586110631102		-0.2217656351136914
0.6026973340459767		-2.387771153684479

particle=3
-6.995398890093694		1.5347128953413298
-2.079627564164311		7.7589369714601215
3.1471142440526734		7.135789449066196
5.74316858212087		1.124722171267818
7.797349441851863		-4.6604785225631815
2.415187714761822		-5.289739734401624
-1.5980575152998724		-5.18656244331515
-7.294925170627156		-2.6835307298458626
-4.7855031923502525		1.5699187057419408
0.2573074309079524		1.639646624693484
4.755872127696453		-1.2225204781359684
0.677994134648519		-3.49556598203082

particle=4
-7.490135189929548		2.1163231812521937
-1.6013948832568334		4.924969913113545
1.2081702882555714		5.111269367376059
7.003088247649566		3.9084238088319236
7.87862665075703		-4.616605038467416
3.9302140425898786		-5.117469189775142
-2.2064748944870973		-7.0605446167690395
-7.2495964075930495		-4.724454508913453
-2.279448114312473		-1.7961634729250244
1.9786630540152208		1.0680607370607946
2.8780178476277216		-1.3939232973670723
0.48667889798197317		-4.235373957200951

particle=5
-6.261060710345042		1.7159958683129508
-4.05939665113754		7.071175702493539
3.3041109275938823		5.602277650017836
7.189127479075245		3.1272009740895794
5.504972264691734		-4.735503753882924
1.095643983548369		-6.016868275941032
-4.87775382447699		-7.497323499429578
-7.962003293190223		-3.81529545981694
-2.215397859549865		-1.1026100910492183
-1.6711862197488871		4.081669327993227
3.5170197376240355		-0.8919229568970186
1.5376378490478477		-3.188710466886879

particle=6
-7.981868606562964		1.6413403528833213
-2.046607397665719		7.651633838347124
3.0687676778679553		4.196045761725461
4.405843178551114		2.560240327332644
5.0318346577944055		-4.2141695064511495
3.8812887866762984		-6.1503272061270735
-2.573918017610882		-5.86926730317672
-7.901653702096758		-2.559033933515756
-4.895000609544693		0.9803750995543439
1.1817637495071254		2.2014615278282834
4.668137304142807		-1.9258375293945922
0.219335639993135		-3.5017003933043385

particle=7
-7.409903041507158		1.9984399899126508
-3.243539809728784		6.2928588113722626
4.233589467975177		6.9551572187496635
5.683370891449433		1.3456147203546425
4.6479887684692525		-4.282735287064057
4.50821545570232		-7.7694853210716115
-1.0750857294568394		-7.769160315075766
-6.903421946691724		-3.5847308430135194
-2.5762829486459786		-0.10409163730901927
-0.07276702353039033		1.9022303925686543
2.1992349873780137		0.8277814525087317
1.8404067551810677		-2.186501027244763

particle=8
-5.634628337476329		2.0660100121160276
-4.125512505328857		4.6892938539058004
1.4202748603273552		7.116891941387915
7.47259653613612		3.56362284715285
7.568284654741741		-1.3338691075912292
3.36531152925108		-6.98731747438881
-2.85702778173321		-6.857007036051379
-5.6529840812279595		-1.0376503845238418
-2.672066364179191		1.528665610732673
-1.183023394180061		3.3238747573068728
2.7229571445682663		1.9606559073878764
0.5366125958460479		-4.484654801434923

particle=9
-6.919560112456892		3.8853003165902997
-1.8642035661675775		4.022953381509721
3.100050631370089		5.089192661205269
4.594396023879744		1.689428775168457
6.270832783902433		-4.371041869867091
2.4015745767976893		-6.296671777350125
-2.219758563121237		-6.7682772510484925
-7.337158368950179		-4.877175659598246
-3.7160920103419506		-1.87922016549301
1.0256301348857568		1.4289249294856372
3.1123788608400877		-0.12631303650580783
-1.7385378230125008		-2.3224565563588944

particle=10
-7.993531287942233		1.6902405736985129
-4.57935534487488		4.825831796681353
3.4032471128565254		6.912066296965147
6.157914267475249		4.061420334877193
6.376184097915255		-2.4556135985175045
2.8993193991553805		-6.826997687123606
-3.4809887963934916		-5.74887584059708
-6.474883807975145		-4.978372468983539
-3.0943720893344246		-0.3168881733311024
-0.675085429555959		4.382992173065704
4.197966560061417		-0.6935426887846057
-0.8474178051565322		-4.14895740391306

particle=11
-5.698598181858479		3.029422862731588
-1.0614855638315106		4.360751911087842
1.9841470750124564		7.727015426984827
5.31803009506215		3.348780408183541
7.678483129612583		-4.771434115202721
3.1659916302108786		-5.379218047730584
-4.086092995821803		-5.11383143205747
-6.126114355973093		-3.827312245739961
-3.0987716430471446		-1.4329954385402122
0.9142844455542423		4.9001446432646505
3.3315125661149785		0.4858417645594355
-1.0437424416405006		-1.825469703805156

particle=12
-6.660419194247599		1.8164797013718825
-2.7165464860847264		5.847085934154997
1.6136671706381427		5.416350408266366
7.255714781019581		1.4291343976028075
4.882904410447116		-2.8404375334017034
4.008774846589848		-6.385525188718264
-1.786749338756393		-7.512704782775772
-7.751458269196647		-3.9290573985493586
-2.8201765765607743		1.336975300968327
-0.43945337556374975		3.3405854651807876
3.6295454839491135		-0.4579116871988127
1.6840424375512182		-4.279755169925674

particle=13
-4.44245620805269		3.889418696378784
-1.6864310046975963		6.378352784404728
2.809110885015679		4.298671812322333
5.885768671960664		3.2377692969645935
6.969761867598171		-4.526010097248195
1.3006293365261752		-7.5253388391586
-1.5409268450722045		-5.684349175067816
-4.8295999722184435		-4.362426295537812
-4.604891697127799		1.4425110417999423
0.019175420924476327		2.069563892886657
2.4434285910291305		-1.4515015709478742
0.3670530293607941		-1.7644619061034876

particle=14
-6.209551132721472		4.53485635603043
-3.783408275660166		4.872235273530139
4.485722512711355		5.78798213237325
7.665725620251153		2.7622151205700525
6.793086161328862		-1.5584975678689346
4.970636182859244		-7.338830194916763
-2.625016316948982		-5.996127295834129
-4.896282943824935		-4.2390138572769835
-3.3650062326639887		-1.2048636094183816
-1.451853425838261		3.2989511393446294
3.2020996163658424		1.3714348562013687
1.4915991282770489		-2.7755983750796593

particle=15
-5.491831938959397		3.036941456282547
-3.6897669349366637		7.668157661417306
2.062354458483251		5.08889868640307
6.723346619949345		1.7948260320948441
7.694040449340163		-3.82752257883447
3.916727133102506		-6.004387685594922
-2.753598996794507		-7.014724543690033
-5.227112724085411		-2.1451407504216125
-2.447603685290056		-1.1195735732938652
1.840638313796056		2.4942042318376894
3.457797179853336		-0.8220498242539027
0.05566750468206827		-1.178011917317432

particle=16
-7.5572342222264925		4.8205138315342415
-4.035189213477397		4.942865359822043
4.716089118843452		6.092173621830014
7.129288433071445		2.9397288780075104
7.579408957619313		-1.1817762152776141
2.003249756424952		-6.762228189694097
-4.968020509034342		-7.239124663677364
-5.8425362189098236		-3.878233441813732
-1.393349764570238		-0.8884941073651458
0.2553062843107994		4.8238624836997195
3.103492238936652		1.1755138031905368
0.7168021939775842		-4.891229927941711

particle=17
-6.4292044795936025		1.5149442010533418
-3.289623659798131		5.341454573274332
1.290555068488998		5.38654216661277
7.841340298480128		1.3119132265444806
5.645041391720629		-4.129124770175404
1.7647585853593242		-7.544274605864471
-1.6976616969426743		-6.126552230745267
-6.415856811465018		-2.562702505986666
-4.172033885221387		-1.192571461356052
-1.0018542910998738		3.5097975773674586
3.945510044056648		1.3596918948301133
-0.4518943049883726		-3.0954446954919153

particle=18
-6.241080815392989		1.624538805272501
-4.316453520730324		4.1146773222936615
4.070557694852392		4.648669822400246
6.185593497712838		2.9857173335677514
5.877429468736301		-3.1329803710590545
1.6400807876633898		-6.9816112083249005
-1.6305891453099757		-6.8689939373347375
-7.957247474094329		-4.254685504615395
-2.282678329484629		1.099933564981734
0.12693716374486375		3.1357168284933796
1.8100945155903019		-0.41909627037116026
-1.1248513264817803		-4.415859198509315

particle=19
-5.506962423762644		3.8102442336392666
-2.484510808836059		6.432549279759392
4.71320349036219		5.693554314696636
4.15217858225151		2.7351570662236986
7.059271749043136		-3.2368278541173288
2.887816271270971		-5.988419553172646
-2.510496927000661		-5.3660316368558725
-7.0108398332640185		-3.346319499911525
-3.644045638442333		1.549128467137284
-0.8224463644592896		3.41322298949991
3.855186347608918		-0.6259024285320058
-0.144510081209535		-1.7017120116324724

particle=20
-5.652568294699501		3.0846285448423187
-2.9792101227956644		4.270806108611604
2.9104900525764483		5.79848075007219
6.236893320000904		2.4851706166266934
6.8421242693968445		-1.0944851415726804
1.1028554934471102		-4.790104888956135
-4.7258456982377055		-6.667758564963769
-7.061190211674976		-1.116545037963324
-4.869717092767569		-0.9622213919030882
0.5503394965439621		4.4549577896391925
1.2910051548709336		1.3974092687413289
-0.11400893956079816		-1.4729014646070167

particle=21
-5.156468626585754		2.002946822037287
-4.886504347937428		4.346128085343495
2.287990695560266		7.609717253653282
4.898152842618961		3.454073838438438
7.999652352095723		-2.697983732893687
2.1017082567545247		-5.858588578891242
-4.582266735832119		-4.069235482399343
-7.915135931348239		-1.7704298672307006
-2.220007612644069		1.721241881525832
1.7704373032293494		4.66308863811305
1.115975442338336		-1.5784530191670703
-1.2032299088181024		-3.95842431401376

particle=22
-4.550150716621829		1.8283868621784456
-3.7969362529642887		4.259836179524509
3.540302485198564		7.710032147695983
6.892922183109056		1.5333753751818633
6.719666397916856		-2.0574774663466244
1.4170772594649543		-6.1289325712436415
-2.0235282066521925		-6.112302003806949
-4.587780562166969		-3.3920845827456394
-1.9980003814821474		-0.5380019072820192
-0.6370019388683552		1.0250141325891127
3.484607372912081		0.10056099778647543
0.7126388058903341		-3.8714944541629697

particle=23
-7.31844306326072		1.1128695133738074
-2.7370784637737997		4.649267599502014
1.3309512056048876		7.094004883132228
6.2185148783459585		4.629553291649369
5.225740158892173		-4.162149947027566
2.936996853914074		-6.582978388769806
-4.520995251582917		-4.424825841395339
-7.284131191203777		-2.4321576429872547
-4.920657871379788		-0.8788967869828275
-0.9156243085397451		1.2916483456370065
3.706938389166637		-0.7208039188186306
-0.44456201162321474		-4.287793228664609

particle=24
-7.829777945014019		4.287928799929275
-2.160211135593155		4.361243987452956
1.2699433094793484		5.722119525582782
5.959880225824037		2.1768479971760324
5.920216368928985		-4.7445548687686525
2.338668715506549		-5.639232365738965
-2.078545211027158		-7.746928625758154
-5.563190143975059		-2.1242040557797437
-1.1478705135719651		0.06458154703646235
0.044782507868097454		2.487280169880614
4.388351253713754		-0.7765737736165841
-0.8216409219045886		-4.746530340001294

particle=25
-6.646177782721345		3.8969493125012096
-1.2774928654834872		5.514093329108782
4.377450597196052		6.173837270434445
4.140956308538812		3.9500228852461046
4.2717617041595854		-2.98680633922026
3.1076448052658607		-5.1656723656909564
-3.667370950822922		-5.948019974704492
-4.863696780333703		-1.1252458205884102
-2.3774604754191473		1.8453727050766053
0.20027230312119482		1.486930103702631
2.4769343138440965		-0.21710744626162937
0.6815797779302857		-3.243500076507765

particle=26
-5.952480687162414		1.0253116058713938
-3.0337086782738623		6.343205699352422
3.8294021919883345		4.952277022326166
7.382518741383491		4.084671624856765
6.985047839653177		-2.54087893294694
1.4698441998220586		-5.332678549736896
-2.0807997169183876		-6.922685316453584
-4.203548660718713		-2.614375617432698
-2.9202704124662575		1.1052804797041933
0.6488435637243999		1.1314368941487203
4.155241143319233		-0.47006286169538214
-1.3560069913809532		-3.799338146387978

particle=27
-6.244724122979203		4.7636009278529325
-1.0169470294294665		7.0906817649342635
1.106978711258614		6.126575546681774
5.1739480463222485		1.9192880111973674
5.2551028046563495		-4.133745789548051
3.139828171425062		-6.3851366417472715
-2.9607910107256457		-7.532253784640547
-6.923000515258539		-2.46005776455142
-4.606138956208847		-1.640877161525757
1.1092618757388224		1.3238936441957319
4.9133338747322455		-1.5847118251465107
-1.495618430365187		-1.4103541206417667

particle=28
-4.9511557800959896		2.728083318721222
-4.770068491290932		6.47573189744487
3.39413711862035		5.833733203860982
4.653706777931655		3.231960147401652
4.7882982014624975		-2.3516939023256076
4.7870997957204935		-4.718491999956527
-1.7829209480813564		-4.687232894704224
-5.470788034951887		-2.964667599368257
-2.6131621453389613		-1.188842923576603
0.06434935241253159		1.6917465311047466
3.825807668235725		1.1464325249836453
1.9376876605602056		-2.4615659263853127

particle=29
-4.738969484917051		2.766048445633655
-4.90199647967728		7.987730203303803
4.461259014820929		7.2566742162708096
4.173186860674011		2.0889795161406646
5.981541094772604		-1.2687998720910771
3.576527456928009		-6.9585576579608865
-4.293107924357658		-7.952435024237911
-6.852389516237677		-2.1884080767940923
-1.9321224827459043		0.43691870517783116
-0.13296840427319623		4.012311189303
1.7832143011836612		0.711886363067344
-1.5455907594199059		-2.7272882904301485

particle=30
-5.5871112779237775		1.5982824488804535
-2.1466213861465073		7.738911323055456
1.8165212964661683		6.014746200056036
5.5577601200752		2.0973760979327993
7.934643721919638		-4.8789502688779205
3.5860870833306753		-7.569504600997512
-2.3967442018389966		-6.095674540167775
-6.017576053458356		-2.3450075107250505
-1.7119170160799806		0.18761643375554948
0.5242346572591376		2.094148033458719
1.751726720214502		-0.1250271165984671
-1.642945799440418		-4.126776657943596

particle=31
-5.4985980585564045		4.615121941735323
-3.689276917128179		7.5100381126929046
2.191376463247928		5.185825904317374
7.500125757880688		2.266249773901014
6.574724758156863		-3.0173877162148854
2.058488507714292		-6.661322547873853
-4.574490897492997		-5.612976653101636
-6.610603386367612		-4.123624714436843
-4.724316384032101		1.7600497029525521
0.16060294674338804		2.7126353557310394
4.039797830181615		0.24808526702491562
1.418393478740775		-1.469144345645916

particle=32
-6.032536842127152		2.5980107270361503
-1.6403573092788721		4.930138890456097
3.453978666245761		7.36939782395868
7.532502467293234		2.49276715023753
6.070054717320746		-2.17009142636622
1.7415903972242992		-6.862521541271459
-1.6727924240973495		-7.911540872218535
-6.380216152232112		-2.333694112797191
-3.2041229017352206		-0.5255520274102454
-0.2767230760029955		2.2140122910153326
2.3510022986429555		-1.7885705890997285
1.293286673917903		-4.670113452750238

particle=33
-6.763129620597097		4.980334005183474
-1.4909987336918937		6.270040972993445
1.2379417712256027		6.218865998161636
5.547424611321901		2.914145206106698
5.521418809266777		-2.0704974567196293
1.9892654024936474		-7.946288294907859
-1.5024122735492855		-6.028500904421436
-5.3835319017356555		-2.2782005224330986
-2.207858956072992		0.4649701385466747
1.4693062396334526		1.3026145710595367
1.4466123054944564		-1.8840056742372338
-0.09184301408074358		-3.890699736998406

particle=34
-6.361596791692965		3.728001690198002
-3.1733314563607653		4.58127143725636
1.1644562425002483		4.770014443393759
4.516606538130862		2.6138745715936986
5.106266031396331		-3.353124688009067
1.636606967624092		-5.179486808205382
-3.2773834303377187		-6.907471978885031
-7.099879489004225		-2.40403367998413
-3.8564295976562133		0.5046258100190393
-1.314836064139349		1.7240376322488813
3.3963416784466425		-0.033696616245567856
1.7334919464595608		-2.2519745256020673

particle=35
-7.120174699227812		4.22223363170723
-3.854038209617222		5.515492922434457
2.424179955439294		5.928592045370717
5.197128820895691		3.5906351890697272
5.560130400346477		-2.2731206912454174
2.512322643735767		-4.446538356524703
-2.0296544237893457		-6.509552606334116
-5.052243141538136		-3.7285685009456473
-2.232640953447384		1.586340793490141
0.019717891124259257		2.5805863417702666
3.3079668260518686		-1.9590303402554827
-0.09360336874115305		-4.4902262878058785

particle=36
-7.959305422991817		3.765578757460588
-4.848469682643579		7.300674854337099
1.7175693861709997		6.854528782586911
4.14583001959328		2.6089324411187067
4.723093259514384		-3.4861626508451917
2.1620617120560555		-7.84491781478269
-4.056995448303944		-5.250680078612206
-4.3729496068556575		-3.172120839414945
-3.159155832714712		0.19318038121476944
0.549913386275573		3.6416716040173314
3.959075106884482		-0.5611543289153702
-1.2171647242090002		-3.2350800837250877

particle=37
-5.1383641823722765		2.657110090387961
-2.7746431627267585		5.895776508995397
1.9993786682248889		7.5246988753106585
5.846730407924893		1.7467431558379984
7.040655019179793		-2.93524525216863
3.6515943180374695		-7.405542236793897
-2.1218408325258906		-4.094438990674879
-7.602811413128823		-4.520193983166269
-4.380692388482398		0.524838686132548
-0.16830531104818336		3.6555017919077373
2.7204182642239956		-1.8968024355924649
0.3040206895315256		-4.623709360900495

particle=38
-5.123552473996803		1.7225965923714868
-3.358416562422907		4.60506059361593
2.013515133684924		7.500663780061082
7.296918855705122		1.328888947333862
5.458062700248812		-1.4630332353077682
4.603176973382843		-5.358335227828491
-4.595551534420293		-4.433589915372254
-6.557013405207073		-3.5645508521168807
-3.199839271714259		-0.8451710778622834
0.7145505350927968		1.6482302106806501
2.944526039726		0.7911908455803052
1.7306845203606054		-1.2922529343491775

particle=39
-4.927298831393991		3.6841712831787796
-2.527066485598228		7.005778460681901
3.93769566732462		5.174840682495596
6.609407723732106		2.5651176419034405
6.058254416851882		-3.7090668428355893
2.3663620842439723		-5.07812227861022
-3.1542541219490254		-6.377183419750468
-6.04283049979312		-2.8056245862376206
-3.076909878668577		1.7433952746682677
-1.7985110677255487		3.4152982983555016
1.475614320782348		1.4535842001020645
0.21240242572191237		-4.215394312939565

particle=40
-4.02623357454135		4.516944363025915
-3.961930040477369		7.102085783430557
4.424205484220497		7.518512164982746
5.1772266448365585		2.4169254603013157
7.011936140393498		-2.205345321091457
2.477149010672986		-5.587336776622122
-2.9563582992588784		-7.379790785986333
-6.7135722168451775		-4.765239693775603
-1.1024423231627898		0.14979299378868438
0.9456093593605273		3.32243694418897
4.14533286519044		0.2281111416752788
-1.9816467375525102		-4.119422235337963

particle=41
-6.939526845274485		1.8730969790755072
-1.4408088561511292		6.170883838547574
4.140902205153784		4.186355946761365
6.588975458321277		1.1868802812657524
4.073827612734601		-4.973583049169857
1.9549245713618664		-6.922128076084483
-1.8808418973265155		-5.176522993671362
-6.65764350454843		-3.4527583710524925
-4.183260220687519		-0.9886111010091527
-1.1336393683960475		1.8972968234534395
3.489458603816181		0.3444046117628674
-0.016664042133486046		-4.295382671451863

particle=42
-6.09711404868531		3.3597132899352595
-4.337364417575473		4.779066189946377
2.642624863108015		7.627771526329248
5.985462177074732		4.666637037452642
4.052952003641174		-3.5778624234597283
2.6024659785364306		-6.977412863915357
-2.2016459982671486		-6.855283275038051
-6.023783508830512		-2.9630737795709523
-4.723716784547945		1.5555309596691909
-0.33761942715020377		3.5297274585289324
3.214634407557957		-0.323988098800323
1.845771553052057		-4.37656048062064

particle=43
-5.822290728046161		4.669953079285711
-1.3402657355444316		7.5420374349788135
1.0946356032264464		5.7781958300477445
7.675738401891218		1.70277609584156
6.235447703076878		-1.6275620533217738
4.670441845007273		-4.522185858048795
-1.1532324903635747		-4.580252339611119
-7.0777928225998785		-4.265556514805386
-3.4100808095144166		-1.563683301562226
-1.3919661892100281		4.936516698207141
2.9942951592462497		0.148452105659306
-0.3882880502024686		-1.4754456121711166

particle=44
-6.636075015663579		3.372453976753128
-4.941325062667793		6.40089974562623
3.013705644753954		6.917909562905833
6.596381447727474		3.0949726717030903
7.825354348660657		-2.4714833852573515
2.9758248104241467		-7.348007524317797
-2.9562037483268537		-4.931594863950207
-7.489143187330567		-1.3051477565202183
-2.7395714367145514		-1.4118125580403382
-1.2601291348329942		3.2504454796366726
2.3992259157969484		-1.8699905510424073
0.18859834401337672		-3.589513223095941

particle=45
-6.72364405198926		1.541392241900728
-1.3423962971467547		6.900264208238615
4.527058206108166		4.3700327339737886
7.459392402818139		4.930335689517047
6.6727969122193755		-1.2120488258661601
2.161425579926848		-4.894771759483786
-3.8522055510531796		-6.367368820100488
-5.685486851488609		-4.204071560888322
-4.211900818170593		-0.9200099326921123
-0.7804173928797757		4.089202399111789
1.5176323148348905		-0.8640308230019156
-0.9590030984448235		-4.964201771143754

particle=46
-7.019716474873794		4.447370548340631
-1.3472295255380455		6.5020752879690775
4.575274952465273		4.946155211248113
7.249941340259952		2.308762328272363
7.5903272876229995		-1.4395365497178463
4.577673853127232		-6.712277955662163
-1.5357846992597395		-6.918691481174782
-4.645378472580073		-4.54230762943669
-4.077159206992029		-1.669702811346824
-1.5977139628367416		2.9237273004237094
4.614495103859458		-1.895036850302065
-1.2076994629463407		-1.2088665669115786

particle=47
-5.1717920246182825		1.7797212333149908
-3.164800628767375		7.300511452265913
2.4362500709382937		4.296620498024531
6.972852640090644		3.420342469960144
6.481712452781302		-1.3715201646595676
3.7783847189267257		-7.374035374036325
-2.873111921510906		-6.849175894523853
-4.441597387467116		-4.242339276584891
-3.191691951454622		-0.8754816733644857
-1.0706756920871818		2.8907164958367773
3.8696318632492406		0.634206245571372
1.1108199264653087		-2.9075677082292555

particle=48
-5.943549424043279		4.994602055699734
-3.3863085089909126		7.693804490073729
1.7014219595509363		7.4525306229073465
7.529584028596917		4.22627496661137
5.763556929149417		-1.1497686375089318
4.953413543916962		-4.313398799840479
-1.7999304711926039		-4.20589403404313
-4.814211846782355		-3.9992557260743804
-2.8849754048972147		1.5655442500915413
1.1437921774028728		1.1097432386064385
3.3976821394030536		0.34016757786306817
0.15130613741003618		-2.262026282726647

particle=49
-5.349490345073219		3.3984510574642495
-4.021017853902699		7.629739582384168
3.4181671094186123		6.312353785488154
5.913342740958197		1.5108265117222128
5.831631167789471		-4.0250957162484955
4.917859534276541		-7.70097387514521
-1.8173797139626346		-6.831867980515547
-5.691596625471311		-2.606949857455359
-1.326141009328786		-1.366141791848507
0.9490272392304417		1.2626120040836097
2.662258313619255		0.205854427648255
-0.9158527680757906		-3.91933091490354