connected_vertices=8
0	1
1	2	9
2	3
0	7	8
8	9	10	11
3	4	10
6	7
5	6	11

particle_count=50
vertices_count=12

particle=0
-4.935747989844261		4.710209615925271
-2.004566434010189		6.108875586794936
2.828745436944981		6.396824948316673
5.657447065808231		3.936155669009268
7.653054351989621		-2.5448544216055824
4.8943878180501645		-4.7752091649761175
-3.081413374727952		-7.950218806800385
-5.282069023357549		-3.561508516680271
-1.2169751491389347		-0.7683717995484711
-0.8712045163948816		3.277512328519721
1.317080469186458		-0.38196296816525566
0.2358316521114716		-4.378144891705416

particle=1
-4.537436856423756		1.2884610852476661
-4.96144733938152		6.456288410746504
1.7854288114774959		6.722977887302719
5.7095853678973265		2.408429742694419
5.78152226658765		-3.65101967254491
2.924241338637171		-6.143459198903489
-2.345531972436757		-7.027408292406111
-6.1398193265805014		-3.2806921057462217
-2.1679322832636534		-1.0663068024008395
-1.7096133467386738		3.005865450879684
2.858318121268054		1.0325620913505098
0.018280535570135648		-3.3313923662089078

particle=2
-5.197390327651682		4.861225874925574
-1.9788469904112937		5.3507728592407116
3.912068378445792		6.532453175373735
5.99572523579361		1.3920770872885435
5.042222070979071		-3.801869870909296
4.731911118114693		-6.996559556587536
-3.56425520119272		-6.812955197534711
-7.096622579396858		-2.2640253777712194
-4.295044575132152		1.6542711214480774
0.9402218404162239		3.9495531450100314
2.4277025192118615		0.27265394226827455
-1.8086794959078096		-2.9592302245605464

particle=3
-6.461820859330853		1.8813972593315351
-4.2489318997100245		6.784881473848397
3.328141145410736		7.255656784490849
7.741400599727825		1.4891683001009728
7.341008656110185		-2.6143208940792344
1.5810658175140668		-7.235739637314372
-3.3376451613712885		-6.334340815289459
-4.790131196044063		-3.4794988743008686
-3.0321134022391187		-0.7962115417591478
-1.8641650426647263		2.667830419832848
1.6493019530909647		-0.5959788382669364
0.15460183223337332		-3.6603710528787317

particle=4
-5.02410727424402		2.725852413631631
-4.445107760308474		7.638966008624252
2.5134747881647286		6.9957032061012985
4.6968124081091265		2.754239102303042
6.906075098420653		-4.238949532110315
1.181917393416716		-7.760918706829342
-3.955832204448923		-5.703130859635245
-7.510074251689858		-4.861779240508724
-4.879235615500486		-0.30026026706927045
-1.9701236577273535		2.7638079238838316
1.1046399680670609		1.6190696719424897
0.08617789487515237		-2.8220886659785425

particle=5
-6.893109176224391		3.191090239197529
-1.0016003770528843		4.146554550652356
4.344559740488379		6.683493876122219
7.742512725942034		4.983615624184226
7.832219082604291		-3.7445827142927595
1.342037521849052		-7.844953466044075
-2.3673360524815577		-4.7997270222242
-6.3764736830052655		-3.3055670800715804
-3.3581018020360474		-0.6052588541593851
1.3022116943220916		2.001214905041936
2.7897903143490503		-1.5569716251930732
-0.5808218871602744		-1.763305575955732

particle=6
-4.845908154250152		2.879639458793194
-3.0510291853669087		6.606819120600798
2.6510533391920084		7.3410170245439526
6.634584675986737		3.3760198485861492
6.0773169816450565		-4.941036635604604
3.060688051581049		-4.267044091320783
-4.470729596784436		-6.930960109465587
-4.360351254361667		-2.323257064550277
-2.967147876069049		0.4883253879888354
-0.08876867715551029		4.676816381557634
4.53983194707685		-1.4660312743023582
-1.46248275183771		-4.685486955371219

particle=7
-6.480375774372035		1.1244734874713718
-4.315739005424624		4.931267767179503
1.9830955070148115		7.593410253350674
7.025836961618476		3.786399582135016
6.643253603290189		-3.753552742627204
1.7255940776362717		-7.900779377188295
-2.831600067846956		-7.346761758291921
-7.703857057596385		-4.782088540543385
-3.0382159763479017		0.922996353562715
0.43378974501909395		3.538322574914457
4.488769399108142		-0.6887590076745389
1.200950492935966		-3.709646752326411

particle=8
-7.573107391620182		2.2277460179185398
-4.910406333456999		5.249587632173058
1.060557551222077		7.879789038017128
5.7809401796039595		1.47093725691877
5.421750948242194		-2.102073073750439
1.33870791768635		-5.300342531376697
-2.06131349215377		-7.829709213731736
-7.080411266401821		-1.3376105790302453
-4.288688084866442		0.1609576382305069
-1.5874447418192026		4.041846653508481
1.6602612253935867		-1.031131563190471
-1.356501979877681		-2.870689511951101

particle=9
-5.927720499776024		1.7888908659499956
-1.4705527302154566		7.326938457443466
2.9479540095613785		4.3722671364733205
5.3280220985898		2.0953990963342712
7.107025424153497		-3.2407871951362104
3.9515837284371544		-7.168464779608476
-3.1378091731926108		-5.970219161106492
-5.475535622132654		-3.5839075576000434
-1.261504771542171		-0.21482427427887218
-0.4877580131333925		4.444449734695533
3.634933461691422		-1.0236886081683632
0.560078014292201		-3.5308701891054266

particle=10
-6.174917850282332		4.100915632942789
-4.63935855191942		7.6460579461867475
3.4501987964576797		7.644624511257903
5.521267259490584		3.4182913977494223
7.005032364695698		-3.7530945902569672
1.71944980869858		-7.970949897165267
-3.040585896832306		-6.786335579480631
-6.693479443214008		-3.339842770011503
-4.150245115753183		-0.5087110280547744
0.07281255998610092		2.119926904573584
4.618220703540026		0.20114285829242107
0.7620650596931999		-1.5663791855669849

particle=11
-7.682459717479761		2.8771495880898392
-4.6102467412053425		6.053685810012242
3.2734961497336585		5.5965342450397335
6.3359811290866475		1.3678855393958247
7.256488643611457		-1.9544331191315751
2.8394769487650002		-7.7770785003252785
-1.0276708924845144		-7.6696315538680615
-5.198854890240721		-2.0242172712949515
-2.119457799317455		1.795806509424506
0.8804000476761278		3.2036511740470557
2.795923166047452		-1.3207975120310596
-1.4809725011128512		-3.88853384347964

particle=12
-6.7100116219157435		4.708988105232876
-1.1518589991066612		7.67800379195666
2.320074992198939		6.110381657980098
5.048759936549551		3.5601119141745667
5.943127302831288		-2.2074838782818964
2.6802458221360967		-7.528397109007437
-1.952925953651476		-7.797441958031775
-4.012111611141695		-3.5568050540639558
-3.984870936635509		0.28356068551668834
-0.9423907610997366		1.4901714152596455
2.9504716006245895		1.129208060378681
0.3318271228809464		-4.173239476092479

particle=13
-7.839122860368193		4.691124517436864
-1.8267312136598832		4.662810919594521
4.492935532368197		6.3899924699877015
6.253848027967951		2.5348550394533853
5.43130426168028		-4.303369206609856
2.4616848596386602		-6.374043657559416
-2.343181654839576		-6.107538775450366
-4.599304880036909		-2.9542450816466572
-2.9523889848160145		1.6628210283362521
1.4438707279353515		4.179224336666436
2.137078995695816		1.1350568257569704
1.0181315043175072		-3.066759059936474

particle=14
-4.813257810979084		3.8835697379019
-4.7563858781526696		6.8880102052492465
2.4252271410002972		6.3553031551722405
5.731131358501988		1.0838531484717162
7.736260801911433		-4.41915697386993
1.0821539328562908		-7.662185010268235
-2.9235977072028128		-7.861144598491628
-5.146416067331357		-3.002829238319457
-1.4967954419475724		1.64446067469924
-1.8106692571199239		4.896721269112479
2.4479971153956153		0.8881726213337613
1.1723251061362197		-4.524704932144914

particle=15
-5.543813500747731		3.6857385405066743
-4.304573468077546		7.789739369866188
3.338382939193858		7.724821898458069
4.69799008385598		3.6268593587636793
6.111697754796621		-2.0852081365783453
4.852967080041785		-6.408549430462088
-2.9756448279376913		-7.12764549856418
-5.557673439226303		-1.4160400405811013
-2.5115892766712955		1.3062338640256268
1.3659065560932584		3.526821066333424
3.130714509289122		0.6831029319098483
-0.05235383532451765		-2.8061245510778288

particle=16
-5.418030865753517		3.484124782715854
-2.6404345577775783		6.685092465484936
3.025261935950566		4.589782852697011
7.094266315227252		4.070814163146567
7.791780360468433		-4.81023885079213
3.8004088885953977		-4.841994225633664
-3.7860213135946186		-6.718822508045028
-5.615968429178461		-3.524313553490418
-4.993994596352374		-0.07071245154339767
-1.4293935114813934		3.2420919753908093
1.315777605390469		-1.6566191404766988
-1.2670845300745932		-3.588504819775469

particle=17
-6.5525475143536465		4.783988145704275
-2.7528222349974794		7.533652383875559
4.130737690924986		4.857766278828392
7.576751205571416		3.706205107942281
5.297645939369483		-4.058316219959393
1.2649469108466374		-7.816199258102953
-3.8433765255088073		-7.8056525996232144
-6.052951438212928		-3.3439085458449935
-4.33229760023317		-0.6981480659115307
-0.20920053839131825		3.85669486426552
3.4309464407368337		-0.14302526290711715
0.3671363555263305		-2.103522105171534

particle=18
-7.754461102374643		2.0185204619448256
-3.723546767122708		4.159164882637148
2.326918844310148		4.476992023301314
6.902564025726759		2.707495730695072
7.313459287871207		-1.2403356832638277
4.8537665017268505		-4.952199044156355
-3.7786393831504332		-6.900054120876618
-5.994594799761387		-1.240292919876341
-2.846553583684533		-0.5321493575248066
-0.19869009236146606		1.5383390431548145
4.616105564244766		0.4926976476444822
-0.3617345124546314		-4.703551117381817

particle=19
-7.972665278366833		2.869783521323237
-4.566740602930372		5.774522526611063
3.5195788127541543		5.086395789032704
5.305156043906184		2.185036895641439
5.920992504743006		-4.78795215454933
2.5858956712132923		-6.233790930491917
-3.3082605562515837		-7.601403155697863
-6.0329658751177035		-2.639324114205512
-1.7862476606472835		0.5463237630115829
0.6988112751932505		2.8170718954553937
1.5077028830455457		-0.8308103359617496
-0.03979698627107675		-3.569956842926609

particle=20
-5.479700976324354		3.0750827583837275
-2.336993081916973		6.899978356907672
2.706726655483032		6.970217485899857
5.467986030378167		3.3705685113742754
4.936750005339579		-3.2564532906907884
1.5567502677185394		-6.848527491452144
-2.930240718033909		-7.718207174681113
-6.967864063004807		-2.844930476565913
-3.089301513367283		-0.22127782107518223
-1.0166580265886251		2.615826076895653
2.314558466597878		-0.7761495732941244
0.3143250933811115		-3.068863658491582

particle=21
-6.94032277023606		2.456526304824559
-3.821226174464362		5.448170013853993
2.359030521058236		5.9619229775303575
6.132567252986044		1.419026756564735
6.771635239768978		-2.1333544126281874
4.237467734636507		-7.488454856414634
-2.784976044896689		-6.604726297689838
-7.704896825774616		-3.7971157244783114
-1.9145608098299465		0.31071903040662185
0.7020493589870092		2.301838434903678
2.4960814760163674		-1.9370679582005477
-1.4205523171743346		-3.74314119383743

particle=22
-6.517477591933362		4.2612732769341175
-1.379013145220883		6.904494244170195
3.0053005189864437		5.5671578127060135
6.275662830287253		1.8521248165114685
7.363267020793179		-1.5446179877317112
4.661298094302737		-4.8907549055834805
-3.803010407117784		-6.060764839571377
-6.741272939829108		-4.030014963495342
-2.477235393357973		0.3547650764578907
-0.7785813388346354		3.081770601083715
2.920757415960595		1.4368409211384945
0.5758062657321856		-1.5142848827142656

particle=23
-6.007837353724511		2.003936145568298
-2.492923564601961		7.771212998191542
4.085035550965471		6.417236591722336
7.368534382618014		4.368558850565902
6.55915891974438		-2.1735873598508397
2.921132110893565		-7.038227468522689
-1.9037684026976538		-5.367051136957554
-7.021312005027811		-3.8657839368842652
-1.2571205722385606		0.6640231546151476
-0.1360357710466067		3.828405544315571
1.5253984894444859		1.1324967315231782
0.0793708045289021		-2.7270465233151278

particle=24
-6.385845777643288		1.05619592413349
-1.7645309182458955		6.166393599127785
3.1195427868946615		6.329658452144931
6.418303358319422		2.313299993739513
7.154960473452785		-4.492219659423112
1.1874118996144802		-6.037269613712143
-3.944440233128257		-5.438587421643556
-7.103362432813008		-2.667809029526645
-1.4475993229468154		0.7663102508942048
1.4285694026565956		3.0380431358262103
1.415115681889858		-1.0630284215099919
-1.7580000124087554		-3.071477937339909

particle=25
-6.546170185657248		3.309182453539305
-3.507442613993024		5.2367154451775955
2.579972789491224		6.55761327279792
6.1752078268178145		1.2652286815812586
6.303107548576554		-3.989240861566239
3.0705743008597164		-4.212328310209088
-2.026452280055448		-6.198761809962495
-7.9267230710755126		-3.990902002341456
-4.535847304314352		1.0071048925964514
0.33165553500158707		4.189916078841451
2.1887900711267614		1.2029191107010995
-0.9893829002702148		-3.14166880840173

particle=26
-5.260464773736443		4.536433994459584
-1.9474976114860336		6.689821401235175
1.4228100353039408		5.419559155610809
6.3969297352779675		2.6675757596818217
6.372004462134776		-2.2800969716225494
2.4560641430183847		-5.133547762395642
-3.836307361562456		-5.267845148378951
-7.755003350360715		-2.890282286924261
-2.960315394969612		-0.7246619084393546
0.14963887279452326		1.881903103865557
3.7306454639488664		0.5137858909474629
0.9932941696089861		-1.6377812468817265

particle=27
-6.531444574144308		2.5592750908766875
-3.7729614771534505		5.787087720685143
1.7802123331292252		7.415593632140961
6.960093948122098		3.3216924075744796
6.402249138006203		-3.5375235393505746
3.083605984884515		-5.955847901499759
-3.8642196937747033		-4.115429512480799
-7.758078863695753		-2.7679251327839283
-4.527778759780482		-0.8298684578503153
-0.7717841161398153		1.0394356190945775
3.8925865309899765		-1.674691086080351
0.5904654427777798		-4.064755019940277

particle=28
-7.083608415650152		1.780104678542378
-3.8479084238511785		5.998959684371281
2.153764775062735		7.261984464660131
6.161757066344345		3.139296030690327
7.2243719744709765		-2.261934465136964
1.015554153801142		-5.885357316621789
-4.51610409909482		-4.536037766906521
-7.141331086051917		-1.6193620980799528
-2.164370228063978		-1.3113152153123213
-0.9940250973935107		4.842312174107901
2.4381252285004056		1.6240137639922914
1.8900541725005913		-1.830278786962357

particle=29
-7.508440643751167		2.101953654032804
-4.629600186412738		7.77899396440908
4.172547010658185		7.4078801051596805
7.245520758400551		4.566318919213257
5.572901483832714		-2.56838402323149
4.144216777219848		-6.509756013729804
-3.4632604838309695		-5.462712564405916
-6.648217274985361		-1.9153010649629323
-3.863805953612783		0.3597309667382129
-1.4843189432645323		4.689807700069572
4.7333894097265485		1.0899249921930223
1.2808998964841125		-1.8129370055665932

particle=30
-4.056889490135752		4.06635629468232
-2.3121510422454596		7.869426567677452
4.802055094876642		7.222186297006392
7.460850919004182		4.000304328252065
6.198324200404847		-3.308949607276977
1.6759796679656986		-7.730656063759595
-2.1051004982963355		-7.449604639621823
-4.209746786999725		-4.764019382450317
-1.5025261365380826		1.2385159034635689
1.5438290828357268		4.448556665422677
3.9338993665536526		-0.42622895073764555
-0.4870338977074584		-4.015262379052111

particle=31
-5.686500672918988		4.049842832571418
-4.27092927077521		6.837507438555859
1.8610749189425193		7.522476916058799
7.775466471457579		4.968652556542501
6.095119458866989		-3.322666132496459
4.649525533386332		-6.17700103323779
-3.299321014659477		-5.5521515943138935
-7.938540904705391		-1.3254556755529427
-2.8878218905447315		-1.5631643856342423
0.47713738177451415		3.4511246333969408
3.1897413658384393		1.5036882734663024
0.5059930285074423		-4.959191371989117

particle=32
-7.476154289897494		1.8988187548590911
-3.782131918192029		7.683394910907683
1.4264324794616314		4.90035241934015
7.097354861625295		1.0292037236187022
5.412913510124463		-3.8791062008936184
4.197675857399224		-7.728853550756007
-4.591106562500726		-7.049508289385528
-7.367387458216889		-2.9526376577433964
-3.8436496271161977		0.825867716568149
-0.5309637274925145		1.6763141272315578
2.278877667105621		-1.0035929134948045
0.6678097811064903		-4.686596506527634

particle=33
-6.42426107778531		4.951251732573513
-2.151692464376907		4.903518014787526
4.012139072831182		6.373251451350564
7.042719452317808		3.5609136864062636
6.510241178582537		-2.8485998800670984
3.8525065220261316		-6.579527400991346
-1.7870609232747419		-5.581575487107491
-6.049003704207767		-3.295750139438371
-3.938891368218054		0.6632109705818174
1.068081215232993		4.254786135447605
4.330067756988968		0.679657089684103
0.5303273950700689		-2.611855491560854

particle=34
-6.6336480151441926		3.4740385555692446
-3.37636450363052		6.853083686165125
3.6902279796882462		6.240209098995993
4.585882457619521		2.0423501086714833
7.29160482221188		-2.2672628906656116
1.8276451481453568		-6.029590870120739
-2.958327105534289		-7.7278179025309
-6.5427885181080585		-2.8641529674119446
-3.995295565706724		0.7668286344432103
1.2334462190836484		2.6979182273940974
1.473092328244289		-0.5049810839705562
-0.9026941520474763		-4.638076580629791

particle=35
-4.207064800749102		3.1328820870752696
-3.24573126520489		6.33866290997163
3.2809104353180105		5.787222887558839
6.986422390793262		3.1647245821586147
7.814478599158758		-2.134090200000814
4.505275729594528		-6.7800319315271915
-1.930013484531254		-5.5366003960493195
-7.9363459795948845		-1.8249405247484947
-3.1052754894918086		-0.16337643739643237
0.78564762383091		1.8802515318055901
4.0190203328583625		0.4389498822642057
0.5535748960711189		-1.1466715117580253

particle=36
-7.080086061868631		4.135398371661358
-2.57832600078907		7.165099279268434
1.4336975471109445		7.876513896015249
7.094889111773702		2.0711486263327
4.85548081237293		-3.064159575079536
2.799973760610777		-7.8534371561073755
-1.0291712024807174		-4.664538217844111
-6.148402161922499		-1.215902486572606
-1.9369577905636213		-0.7774595347047906
-1.7858111980263023		3.9388753254584774
2.9733596116593586		0.24847455986258815
1.9079348151312319		-3.4813004916890886

particle=37
-7.2247005115280665		2.5329798400929477
-2.1023267287334098		7.444456257837931
1.6534023426333198		5.6333522685245665
5.019533816670096		4.7117337393085394
7.375349922533275		-3.3077287992811284
3.345433300236495		-5.2559281562012305
-1.7466110099177925		-6.4881410187690545
-7.342379083146405		-3.375275965207079
-4.634549060146876		-1.4914305217072497
-1.1688570847135527		1.8597654614876133
3.548392662395612		-1.6874067701524496
-0.40397632234436776		-3.5206682212520692

particle=38
-5.686395515302392		3.052310756560776
-3.3481929085515314		6.960539434974921
3.4384725446146884		4.310871523521959
6.444108784578532		3.825730682606579
4.729617802759915		-4.246289885598346
2.082237792034762		-7.465291910019207
-1.4758841938163956		-6.2938005051736
-7.894046060737152		-3.7294988591153424
-4.252008193486216		-1.0872063147421436
-1.778778911609678		1.0940517140258406
3.9382560308751815		1.3310452123786467
1.301141488372294		-3.84561882978652

particle=39
-6.29996367415035		3.5226293107462934
-2.4485343550476304		7.015049753982609
1.9059601479193522		6.63655624965058
7.332426630888314		1.2238025543663698
6.600750970400952		-1.9654550257100425
1.6454249716119067		-4.980124267243395
-2.4660284960956034		-7.249025333303039
-4.822379308326568		-2.7940635718290836
-2.489393230955247		0.6273608883515789
0.22050958634994666		3.0486671439207003
3.0396967505770847		-1.9008574609206668
-1.527627074593624		-2.729329899707669

particle=40
-5.864831155894002		2.5244208213142105
-3.908503766823874		6.2611837057617326
4.503787014836835		5.115966796145836
6.414557154463254		1.3857425775624526
4.402966581446805		-2.579337057328591
2.300457639918727		-5.103099976418734
-4.652776677245534		-7.251310395502725
-7.505671780914363		-1.7086761641781179
-3.0657709005289857		-0.7110860850705762
-0.9502456323631412		4.759712559715197
1.3120164674969033		0.6511872595169939
-0.3514609088590337		-2.4869645932076794

particle=41
-6.48514285001804		2.2062015099357497
-3.9103390361062655		4.699877279050197
3.366960235686716		5.5034631162561904
6.994320273130947		1.6207300238747862
6.574458378543647		-2.415615630956285
3.647219917365928		-7.583367017688753
-2.986643181519445		-7.760153830605754
-5.52506139666758		-4.535049527148663
-1.475712561138013		-0.49016863242241726
0.22361689842221288		3.4969609561473565
2.5226383416091402		0.8161401470081042
1.3363938766059205		-2.1293166972209683

particle=42
-7.80537477495154		3.8555725072000064
-4.499197012495049		6.20955104769004
1.7336908761121177		7.968783254680977
5.890918922069595		4.977386449546298
6.487891533200326		-3.9308685306313507
2.0772904912097503		-6.862833905600488
-3.021843314754678		-7.597084181046396
-5.677702430809855		-2.7761024089917363
-3.3396257528425792		1.5322449629984476
-1.335300424145868		4.9366858248973084
3.229641056390638		0.48166884409650157
-0.2033705982664049		-3.7476484089415756

particle=43
-6.631164177930076		3.7996685008095947
-2.128902621769055		7.717493573421095
1.0357345477704758		5.927445728865562
7.735467379004038		2.5721761657351623
7.671715509976845		-4.724466568422388
3.580761429861091		-4.706534381106362
-2.7505564941916245		-7.837693569804427
-6.760963437238267		-2.134117593234516
-4.031676479291129		-0.35853936141652465
-1.2583901833439168		3.970218634757384
1.5730741254341516		1.4835577391377086
-0.6880600260553229		-1.484731333818719

particle=44
-7.357624198329885		2.809387348666617
-3.8179733551869637		6.611884602621105
2.711755655303798		7.250240629320681
7.436813632432461		2.6857121254810097
6.452817827550465		-2.980979406607955
2.4440422080198343		-6.869431154245406
-4.172710793914323		-5.458903630535209
-6.56023028054778		-2.362457462911895
-3.584708986924392		-0.216247680932816
-0.08574595898321347		2.9657159907693704
3.5509953921253534		0.3415942454225034
-0.4405253700119234		-1.4603154325422896

particle=45
-5.307350618563559		1.7724308816217982
-4.26277727693401		6.7656431085085265
1.2334183597922213		7.356613962881104
7.665448648642325		3.311095938848195
5.684298869606931		-2.807296613641856
1.825978663198475		-7.529915024661177
-2.3598757006721964		-5.36417355377341
-7.212580627274841		-3.9031772125505286
-3.3629601265075326		-1.1429112801423473
-1.6512592320081367		2.7853104149063577
3.9421637763599824		0.1512949609462031
0.7688843100395881		-2.0057649403061086

particle=46
-5.72104813384947		2.1753485354794657
-1.8766031209790635		5.877330140142025
3.1964929700991793		6.993503418425007
4.280461193460182		3.4350164481573207
5.563898773049317		-4.305749717772721
2.1645848717820986		-6.552315302543734
-4.566601219878618		-7.915461575773438
-7.9554793338111285		-4.356373049689754
-3.0312346025590755		0.451594492944992
0.8080437342097153		2.4244752998086363
3.3406280637347985		-1.7274431290992163
-1.6041260648007238		-2.6479410118307705

particle=47
-6.524361525601397		1.1334458141643347
-3.909230436568719		7.385093538889832
2.5538079694567304		6.113682576504342
5.439730325174008		2.6134386839118338
5.036301451106246		-1.4520258250712121
3.4375308093510655		-6.328716611287701
-1.899261970953967		-7.607787706546748
-7.4923280736284195		-4.57215591429364
-2.250663909738847		-0.6384975960986234
-0.7936282033192823		4.889193861473787
2.3932325796441876		0.18332983107268452
0.4353004578356363		-4.607083026501548

particle=48
-7.230461917165252		1.4559502770048196
-3.8780659977044705		7.20947672758075
1.117639988010989		7.096421250081223
5.321520489352565		3.6701221808441282
6.188002205141128		-3.421604729469805
1.619865725713911		-7.135387371505079
-3.4803405613604355		-5.935373062814158
-6.829151514242906		-4.176183680958326
-2.6743646823925182		0.8915967840466728
-0.44978377935431313		3.166696172592443
2.5559617513802104		-1.517308234690045
0.4945292238967527		-3.7924752183009462

particle=49
-5.346113817559672		4.31933631101441
-2.027139804190194		7.813158415780471
4.573197294713172		5.561130081999515
7.646991145988842		4.858068014135329
6.715212094168408		-1.8004480020979363
1.578768953860302		-6.9563880748383085
-3.312010766978666		-7.217836950843352
-6.20242765181816		-1.5916616387649967
-2.105047274965244		-1.700430335604791
-0.4321597615541779		4.879115919491227
4.184402373425914		1.4110719508938425
1.4445607534836067		-1.2624060492851497