connected_vertices=8
0	1
1	2	9
2	3
0	7	8
8	9	10	11
3	4	10
6	7
5	6	11

particle_count=50
vertices_count=12

particle=0
-6.0		3.0
-3.0		6.0
3.0		6.0
6.0		3.0
6.0		-3.0
3.0		-6.0
-3.0		-6.0
-6.0		-3.0
-3.0		0.0
0.0		3.0
3.0		0.0
-1.8766836532651472		-3.654570864564178

particle=1
-6.0		3.0
-3.0		6.0
3.0		6.0
6.0		3.0
6.0		-3.0
3.0		-6.0
-3.0		-6.0
-6.0		-3.0
-3.0		0.0
0.0		3.0
3.0		0.0
1.1608979863902347		-3.5573719567850737

particle=2
-6.0		3.0
-3.0		6.0
3.0		6.0
6.0		3.0
6.0		-3.0
3.0		-6.0
-3.0		-6.0
-6.0		-3.0
-3.0		0.0
0.0		3.0
3.0		0.0
-0.9130293057677643		-2.4604463565114707

particle=3
-6.0		3.0
-3.0		6.0
3.0		6.0
6.0		3.0
6.0		-3.0
3.0		-6.0
-3.0		-6.0
-6.0		-3.0
-3.0		0.0
0.0		3.0
3.0		0.0
0.08989694557819305		-1.3185223720127297

particle=4
-6.0		3.0
-3.0		6.0
3.0		6.0
6.0		3.0
6.0		-3.0
3.0		-6.0
-3.0		-6.0
-6.0		-3.0
-3.0		0.0
0.0		3.0
3.0		0.0
1.1399190731141484		-1.4322710242051166

particle=5
-6.0		3.0
-3.0		6.0
3.0		6.0
6.0		3.0
6.0		-3.0
3.0		-6.0
-3.0		-6.0
-6.0		-3.0
-3.0		0.0
0.0		3.0
3.0		0.0
1.54514120334143		-4.304256011974946

particle=6
-6.0		3.0
-3.0		6.0
3.0		6.0
6.0		3.0
6.0		-3.0
3.0		-6.0
-3.0		-6.0
-6.0		-3.0
-3.0		0.0
0.0		3.0
3.0		0.0
1.3086179457093925		-2.9307815372921793

particle=7
-6.0		3.0
-3.0		6.0
3.0		6.0
6.0		3.0
6.0		-3.0
3.0		-6.0
-3.0		-6.0
-6.0		-3.0
-3.0		0.0
0.0		3.0
3.0		0.0
-0.008876085408524137		-4.7338843902066445

particle=8
-6.0		3.0
-3.0		6.0
3.0		6.0
6.0		3.0
6.0		-3.0
3.0		-6.0
-3.0		-6.0
-6.0		-3.0
-3.0		0.0
0.0		3.0
3.0		0.0
1.8656476173393268		-4.525783513672749

particle=9
-6.0		3.0
-3.0		6.0
3.0		6.0
6.0		3.0
6.0		-3.0
3.0		-6.0
-3.0		-6.0
-6.0		-3.0
-3.0		0.0
0.0		3.0
3.0		0.0
1.1029463846843726		-2.290010055802142

particle=10
-6.0		3.0
-3.0		6.0
3.0		6.0
6.0		3.0
6.0		-3.0
3.0		-6.0
-3.0		-6.0
-6.0		-3.0
-3.0		0.0
0.0		3.0
3.0		0.0
1.4676570177858763		-2.608293057008287

particle=11
-6.0		3.0
-3.0		6.0
3.0		6.0
6.0		3.0
6.0		-3.0
3.0		-6.0
-3.0		-6.0
-6.0		-3.0
-3.0		0.0
0.0		3.0
3.0		0.0
0.7223803857734064		-2.8987775844332107

particle=12
-6.0		3.0
-3.0		6.0
3.0		6.0
6.0		3.0
6.0		-3.0
3.0		-6.0
-3.0		-6.0
-6.0		-3.0
-3.0		0.0
0.0		3.0
3.0		0.0
0.6643997346248085		-2.939617263922722

particle=13
-6.0		3.0
-3.0		6.0
3.0		6.0
6.0		3.0
6.0		-3.0
3.0		-6.0
-3.0		-6.0
-6.0		-3.0
-3.0		0.0
0.0		3.0
3.0		0.0
0.2234600963093607		-4.232651445126694

particle=14
-6.0		3.0
-3.0		6.0
3.0		6.0
6.0		3.0
6.0		-3.0
3.0		-6.0
-3.0		-6.0
-6.0		-3.0
-3.0		0.0
0.0		3.0
3.0		0.0
0.24934945845742984		-3.232925051015587

particle=15
-6.0		3.0
-3.0		6.0
3.0		6.0
6.0		3.0
6.0		-3.0
3.0		-6.0
-3.0		-6.0
-6.0		-3.0
-3.0		0.0
0.0		3.0
3.0		0.0
-1.1381651971353595		-3.654430983901199

particle=16
-6.0		3.0
-3.0		6.0
3.0		6.0
6.0		3.0
6.0		-3.0
3.0		-6.0
-3.0		-6.0
-6.0		-3.0
-3.0		0.0
0.0		3.0
3.0		0.0
-1.0376253337136938		-1.2500580396962522

particle=17
-6.0		3.0
-3.0		6.0
3.0		6.0
6.0		3.0
6.0		-3.0
3.0		-6.0
-3.0		-6.0
-6.0		-3.0
-3.0		0.0
0.0		3.0
3.0		0.0
-0.6937711904333979		-2.0743886057504968

particle=18
-6.0		3.0
-3.0		6.0
3.0		6.0
6.0		3.0
6.0		-3.0
3.0		-6.0
-3.0		-6.0
-6.0		-3.0
-3.0		0.0
0.0		3.0
3.0		0.0
-0.435506506844733		-1.3557181572577441

particle=19
-6.0		3.0
-3.0		6.0
3.0		6.0
6.0		3.0
6.0		-3.0
3.0		-6.0
-3.0		-6.0
-6.0		-3.0
-3.0		0.0
0.0		3.0
3.0		0.0
-0.5127842033958614		-1.5493137128092718

particle=20
-6.0		3.0
-3.0		6.0
3.0		6.0
6.0		3.0
6.0		-3.0
3.0		-6.0
-3.0		-6.0
-6.0		-3.0
-3.0		0.0
0.0		3.0
3.0		0.0
0.4096114406260707		-1.0922266587384741

particle=21
-6.0		3.0
-3.0		6.0
3.0		6.0
6.0		3.0
6.0		-3.0
3.0		-6.0
-3.0		-6.0
-6.0		-3.0
-3.0		0.0
0.0		3.0
3.0		0.0
1.6058387562845033		-4.309813784707499

particle=22
-6.0		3.0
-3.0		6.0
3.0		6.0
6.0		3.0
6.0		-3.0
3.0		-6.0
-3.0		-6.0
-6.0		-3.0
-3.0		0.0
0.0		3.0
3.0		0.0
0.7399214894800754		-4.295626196738008

particle=23
-6.0		3.0
-3.0		6.0
3.0		6.0
6.0		3.0
6.0		-3.0
3.0		-6.0
-3.0		-6.0
-6.0		-3.0
-3.0		0.0
0.0		3.0
3.0		0.0
-1.2731636253412089		-1.7147143438772212

particle=24
-6.0		3.0
-3.0		6.0
3.0		6.0
6.0		3.0
6.0		-3.0
3.0		-6.0
-3.0		-6.0
-6.0		-3.0
-3.0		0.0
0.0		3.0
3.0		0.0
-0.6246531382105798		-2.9368856038627493

particle=25
-6.0		3.0
-3.0		6.0
3.0		6.0
6.0		3.0
6.0		-3.0
3.0		-6.0
-3.0		-6.0
-6.0		-3.0
-3.0		0.0
0.0		3.0
3.0		0.0
0.9086875642647496		-1.0166687895481235

particle=26
-6.0		3.0
-3.0		6.0
3.0		6.0
6.0		3.0
6.0		-3.0
3.0		-6.0
-3.0		-6.0
-6.0		-3.0
-3.0		0.0
0.0		3.0
3.0		0.0
-1.1999005780432572		-2.1246365895859562

particle=27
-6.0		3.0
-3.0		6.0
3.0		6.0
6.0		3.0
6.0		-3.0
3.0		-6.0
-3.0		-6.0
-6.0		-3.0
-3.0		0.0
0.0		3.0
3.0		0.0
-0.02642253310133924		-4.873860462827549

particle=28
-6.0		3.0
-3.0		6.0
3.0		6.0
6.0		3.0
6.0		-3.0
3.0		-6.0
-3.0		-6.0
-6.0		-3.0
-3.0		0.0
0.0		3.0
3.0		0.0
-1.1524825339960136		-2.0436404334564537

particle=29
-6.0		3.0
-3.0		6.0
3.0		6.0
6.0		3.0
6.0		-3.0
3.0		-6.0
-3.0		-6.0
-6.0		-3.0
-3.0		0.0
0.0		3.0
3.0		0.0
-1.6442260255260557		-3.832055986595755

particle=30
-6.0		3.0
-3.0		6.0
3.0		6.0
6.0		3.0
6.0		-3.0
3.0		-6.0
-3.0		-6.0
-6.0		-3.0
-3.0		0.0
0.0		3.0
3.0		0.0
-1.8430996736219107		-1.2035679736721634

particle=31
-6.0		3.0
-3.0		6.0
3.0		6.0
6.0		3.0
6.0		-3.0
3.0		-6.0
-3.0		-6.0
-6.0		-3.0
-3.0		0.0
0.0		3.0
3.0		0.0
-1.0317788914117		-3.848392780408382

particle=32
-6.0		3.0
-3.0		6.0
3.0		6.0
6.0		3.0
6.0		-3.0
3.0		-6.0
-3.0		-6.0
-6.0		-3.0
-3.0		0.0
0.0		3.0
3.0		0.0
1.8035881457589658		-4.644073211460743

particle=33
-6.0		3.0
-3.0		6.0
3.0		6.0
6.0		3.0
6.0		-3.0
3.0		-6.0
-3.0		-6.0
-6.0		-3.0
-3.0		0.0
0.0		3.0
3.0		0.0
-1.7413286968638482		-4.927091441260407

particle=34
-6.0		3.0
-3.0		6.0
3.0		6.0
6.0		3.0
6.0		-3.0
3.0		-6.0
-3.0		-6.0
-6.0		-3.0
-3.0		0.0
0.0		3.0
3.0		0.0
-0.8002956368483551		-1.396073421812233

particle=35
-6.0		3.0
-3.0		6.0
3.0		6.0
6.0		3.0
6.0		-3.0
3.0		-6.0
-3.0		-6.0
-6.0		-3.0
-3.0		0.0
0.0		3.0
3.0		0.0
-1.9563918650448588		-3.7744955406006597

particle=36
-6.0		3.0
-3.0		6.0
3.0		6.0
6.0		3.0
6.0		-3.0
3.0		-6.0
-3.0		-6.0
-6.0		-3.0
-3.0		0.0
0.0		3.0
3.0		0.0
0.5904035137588379		-4.715034856475543

particle=37
-6.0		3.0
-3.0		6.0
3.0		6.0
6.0		3.0
6.0		-3.0
3.0		-6.0
-3.0		-6.0
-6.0		-3.0
-3.0		0.0
0.0		3.0
3.0		0.0
-1.1334966763143113		-4.990392523076068

particle=38
-6.0		3.0
-3.0		6.0
3.0		6.0
6.0		3.0
6.0		-3.0
3.0		-6.0
-3.0		-6.0
-6.0		-3.0
-3.0		0.0
0.0		3.0
3.0		0.0
1.6604531022645577		-2.387069491911901

particle=39
-6.0		3.0
-3.0		6.0
3.0		6.0
6.0		3.0
6.0		-3.0
3.0		-6.0
-3.0		-6.0
-6.0		-3.0
-3.0		0.0
0.0		3.0
3.0		0.0
1.126960395866682		-3.166543156386177

particle=40
-6.0		3.0
-3.0		6.0
3.0		6.0
6.0		3.0
6.0		-3.0
3.0		-6.0
-3.0		-6.0
-6.0		-3.0
-3.0		0.0
0.0		3.0
3.0		0.0
-1.8993481447118064		-2.118452889987802

particle=41
-6.0		3.0
-3.0		6.0
3.0		6.0
6.0		3.0
6.0		-3.0
3.0		-6.0
-3.0		-6.0
-6.0		-3.0
-3.0		0.0
0.0		3.0
3.0		0.0
0.45665055009826805		-3.6034861256932085

particle=42
-6.0		3.0
-3.0		6.0
3.0		6.0
6.0		3.0
6.0		-3.0
3.0		-6.0
-3.0		-6.0
-6.0		-3.0
-3.0		0.0
0.0		3.0
3.0		0.0
0.8124358141417392		-3.584467452247713

particle=43
-6.0		3.0
-3.0		6.0
3.0		6.0
6.0		3.0
6.0		-3.0
3.0		-6.0
-3.0		-6.0
-6.0		-3.0
-3.0		0.0
0.0		3.0
3.0		0.0
1.757889587890372		-2.382738550205163

particle=44
-6.0		3.0
-3.0		6.0
3.0		6.0
6.0		3.0
6.0		-3.0
3.0		-6.0
-3.0		-6.0
-6.0		-3.0
-3.0		0.0
0.0		3.0
3.0		0.0
0.8391592684447113		-1.4724964623681176

particle=45
-6.0		3.0
-3.0		6.0
3.0		6.0
6.0		3.0
6.0		-3.0
3.0		-6.0
-3.0		-6.0
-6.0		-3.0
-3.0		0.0
0.0		3.0
3.0		0.0
0.0144337172210518		-4.332473591709025

particle=46
-6.0		3.0
-3.0		6.0
3.0		6.0
6.0		3.0
6.0		-3.0
3.0		-6.0
-3.0		-6.0
-6.0		-3.0
-3.0		0.0
0.0		3.0
3.0		0.0
1.3674210561299853		-4.405767104657972

particle=47
-6.0		3.0
-3.0		6.0
3.0		6.0
6.0		3.0
6.0		-3.0
3.0		-6.0
-3.0		-6.0
-6.0		-3.0
-3.0		0.0
0.0		3.0
3.0		0.0
0.07123390930705042		-4.03720532387039

particle=48
-6.0		3.0
-3.0		6.0
3.0		6.0
6.0		3.0
6.0		-3.0
3.0		-6.0
-3.0		-6.0
-6.0		-3.0
-3.0		0.0
0.0		3.0
3.0		0.0
-0.11739158374830838		-2.3090633705425763

particle=49
-6.0		3.0
-3.0		6.0
3.0		6.0
6.0		3.0
6.0		-3.0
3.0		-6.0
-3.0		-6.0
-6.0		-3.0
-3.0		0.0
0.0		3.0
3.0		0.0
1.0768192673000856		-2.093140638164947