connected_vertices=8
0	1
1	2	9
2	3
0	7	8
8	9	10	11
3	4	10
6	7
5	6	11

particle_count=1
vertices_count=12

particle=0
-7.453032359208965		2.7310202283272886
-1.763488718241464		5.432137613667022
3.5178032780624915		5.566063554694256
5.166516994695286		2.356615412588827
6.836262429557734		-3.914959124004315
3.949822660605479		-5.089967766099603
-1.381755363496807		-4.680979707819132
-5.266065550274834		-4.289544673908631
-2.4658356559409187		-0.6443978708186853
0.19411150662928683		1.6013128710855673
2.3817138192403404		1.3192556541726894
-1.184491908979103		-3.278725640713777