connected_vertices=8
0	1
1	2	9
2	3
0	7	8
8	9	10	11
3	4	10
6	7
5	6	11

particle_count=100
vertices_count=12

particle=0
-7.730753295705389		3.172777243992864
-2.638921075128286		6.9826383766553075
1.1271424803167975		7.459083795952016
7.880554592777158		2.917175056173702
6.962109414919231		-1.3602286025574761
3.128757766229042		-7.601530103098398
-1.5892510872387136		-5.345545620568695
-7.362393185593808		-1.6569567765159205
-4.159085229509275		-0.35305654807179065
-0.25709350147813526		2.2394862842474934
3.569577932116544		-1.9244971784705545
1.6040781017169063		-3.990313115511332

particle=1
-6.736769942568449		2.3523237535340127
-3.423102846425249		7.543278306371235
1.1398318662325102		4.813771072329031
7.734513442029418		3.620428230642826
7.5915136309965945		-1.3766205210453388
1.0617376042800153		-5.677037169416705
-4.8870645164384445		-6.50603321257125
-6.071149853011191		-1.962049023014119
-1.8075072455133214		-0.06204070378120008
-0.7206592163629963		3.1233705959753038
1.1303581300222048		-0.3597359832792506
-1.3567911363336034		-3.199276512185059

particle=2
-7.664954580255149		1.9830314923599985
-2.617138760839024		5.692475142702871
1.0916991961636784		5.354494451595695
7.262194021399459		3.7225322541279886
5.230675958482134		-1.0398607150055263
3.1040299659623627		-5.682613937610793
-4.488492847610994		-4.699312608262912
-6.864805203466291		-4.632002990024097
-3.952557691094998		0.9999344180014993
-1.7035312772298776		3.8344988632554573
1.2937157964453045		-1.783461583062468
-1.3487754798238223		-2.1151311765077603

particle=3
-4.594587884544049		4.185104847035525
-3.221767403105366		6.555666336397808
2.901974929928899		5.655753038842463
7.395398463065133		3.008630116067874
4.760208934019337		-3.2435738988916674
1.198903060855978		-5.099210009219009
-3.013010221500731		-5.502986462801001
-6.686609880330461		-2.2668355790486907
-3.5154207573235507		-1.656866295432558
0.09850668235486149		1.2800063858878188
2.6763906506239006		-1.0963092618849752
-1.3507551395641366		-2.9375207133637624

particle=4
-7.782396617971969		4.584644732167549
-2.2400754403767626		5.504034484162988
3.028495609431806		5.290231454948609
6.25609970683815		3.241917945708949
4.429144426242848		-3.060942601368526
2.9641707504715558		-4.092861312658925
-3.3735881236220044		-7.553990837199285
-5.720549693253375		-2.7980050867705235
-4.438988287300591		1.8226800634549027
-1.2271554349148048		3.3407524562430204
4.722907898062321		-0.35442922601422966
1.4058716260494721		-3.277371297195018

particle=5
-6.823040340082072		4.7466471164109585
-3.203038772190293		6.460123344810479
2.6375311457424786		5.359523960114932
7.022336673038435		4.204039935728338
7.5041943822304304		-3.773580261342427
4.9234423616762495		-6.438954881514034
-4.011836910441389		-7.201485690045364
-4.179966787038148		-2.1083768830935496
-3.911666069173997		-0.6049366772330647
-0.02215564090645694		4.924166823691298
4.570222060297673		-0.6103912510437826
-1.2790793071298139		-4.641373911625049

particle=6
-6.672996294417706		3.5198338069866084
-3.5922359562403368		6.703439258490169
2.7920989189186844		6.735767708435228
7.500126598864348		1.8302430298833392
4.3869425645719495		-4.045514370875704
3.6395938448686653		-5.48700935408379
-1.9018264364483621		-6.3600287896787435
-7.853968610375613		-3.1850844774716056
-2.723071999465491		0.9492328947190125
0.7216795095797832		2.0384957853255563
4.785878090075016		1.630966342002174
1.4832776180555785		-4.515428357545692

particle=7
-7.8461778789429335		1.0448690831840546
-2.8864473116040816		6.546036433939195
4.848143030893198		4.296231166720587
5.870521582188835		3.2494220485717373
5.935268003961225		-4.836857171124436
2.8489016956759716		-5.6247072529783395
-2.323767445680778		-6.700930879590633
-5.557048142110922		-1.3480292180535267
-2.9833207228853054		-1.1010295638294916
-1.7773498201530153		4.309681338132237
1.268412350021472		0.59508048575423
-0.9159618421652302		-1.3050755789999178

particle=8
-7.226749368330016		4.353771096252066
-4.2514501353236405		6.84740804210082
3.3504646781694793		4.494090658921175
7.711113959992737		1.5840445711959585
6.146380827083885		-3.143019918099212
1.003619764762572		-4.210985761069752
-3.8138434581541425		-4.960038017022958
-5.739605750260148		-4.037130741369559
-1.8612639988901472		-1.7218556266707798
-0.38154093285527724		1.258064617151736
4.110824582762691		-1.4953545924343121
1.5924372049986775		-2.3978846253322987

particle=9
-4.937248825738668		2.7488358627015415
-2.4125493080967764		6.36846820974709
4.386878711815154		6.4981904295882895
6.683043618016379		2.669706784668068
5.089054149760457		-2.753750632321267
3.0208575733558267		-7.8243343007459805
-3.200249069902704		-6.358005197287538
-5.544847751286638		-2.4045849577466245
-3.046295826198685		0.8504346137931247
1.6992838713042029		3.5599151510804092
4.040377165444889		0.6100321406058034
-1.1602183114496474		-1.0000202474461521

particle=10
-5.722389563298329		2.4254555098531125
-3.496478774994018		7.2510411189153485
1.6805750559731925		4.7085228349455335
4.800464293864183		3.504570596591054
7.515682402385839		-1.3117270051282857
3.2759968391510017		-4.438153729952221
-4.411520048857547		-6.735742753668138
-4.642169333532289		-4.937868716503271
-3.945561301681854		-1.4773469703119146
-1.8474510588513606		2.8193558923248814
1.3253328414104826		1.324112840856627
-1.6531033147127019		-4.425136257436497

particle=11
-6.713487486733074		3.6245716988178813
-2.961619387000509		5.281561913458376
2.671748428998785		4.225008462047244
4.434569673477187		4.530264998931291
7.926719287375709		-1.175796682430379
3.0195820218465985		-7.607641008758046
-4.972156188306204		-7.030702499484484
-6.271679325161049		-4.650716939420043
-3.996356181758847		-0.8710071983614505
-0.539782099009321		2.5546888376874506
1.3698319775289653		1.4586008745604917
-0.2905192433838919		-3.0692608189361152

particle=12
-6.571646190687597		1.3085853179531712
-2.0238032050512285		4.527031994429558
3.979130490193019		4.691374277923568
5.091453046539554		4.833037905508277
4.5001070248299015		-2.931229731607821
4.7647201761751585		-7.691124269270866
-3.352706512247634		-7.1163506399731045
-6.8046074628221795		-3.53473922044055
-4.020966647875259		1.1629347060536754
0.05096309959423184		1.8260533458912027
3.4291022626404795		-0.05669878808514728
-1.1389597421072328		-1.7460030864497567

particle=13
-5.682575584184984		1.6733264750802572
-1.8428252502433629		4.997780363403438
1.8190102674059996		5.343623280316311
6.150683434518413		3.460253238891425
5.099885756644605		-3.3724546025949715
4.22424416004918		-4.851907978166073
-1.1583094691382065		-5.096156959260416
-5.995473142784606		-3.4796073740257687
-3.2610120933989934		-1.0525070153056544
1.8107792700544674		4.151372461714068
2.0340760029993517		-0.6038990983616954
-0.5902037851203796		-1.6281357685701816

particle=14
-6.208667237804823		4.989420480529003
-4.947692745328591		6.78509005136746
1.9374719609957216		7.360641168684605
7.004732300505441		4.516792851411972
5.095836894725829		-3.6719113004677997
3.4872244628399827		-7.816278564173071
-4.5617284062260754		-4.174730828235073
-4.2501916690856865		-1.9373005527279785
-2.4401183918486145		1.7312294229595744
1.05528335831958		3.2220407594460645
2.0963936901761673		1.4811499029408766
-1.4342025602875013		-3.8900186867920596

particle=15
-6.672451267938734		2.2764762826636
-3.6180533328533495		4.066268510176403
1.6951407174892905		4.653708930610414
4.778427034068023		4.935545759143275
4.060095740975471		-4.3778195364671255
1.6310614257410787		-7.058453728859293
-1.2940771938700153		-4.496491617481304
-7.626859580133427		-1.9979175556255275
-4.761610792766637		-0.9733130915542647
-1.733345367786289		3.7929153791729604
2.19168070579314		-0.36078963015242893
0.19128346100758842		-2.169687600531802

particle=16
-6.465531907172926		1.952994835684878
-4.217747924075429		7.902022552794223
4.085709729150858		5.2653937446938155
7.859851429714487		4.1865915577432755
7.489772678691594		-2.9954466852841617
1.6577554937499488		-4.3969459661196435
-1.6297899889792609		-5.478990806124979
-7.91432563234856		-3.9922645323321504
-4.833707894560731		1.258352743413297
1.3062040189683932		2.432812703295371
4.773776727990775		1.9488133340868536
-0.6508024985389258		-3.039671338471521

particle=17
-4.619905787697471		2.7184607642108123
-4.425754646667558		5.7489594847118415
4.669945618038061		7.327968890424616
7.085615971451734		2.3973610856886736
4.6156484229043855		-2.230842173483539
4.847341476742608		-6.122093518113209
-1.193175919939165		-5.819763365242636
-4.861709701547879		-4.513712604501638
-3.581294228656706		-1.9974256110477038
0.162187547645944		1.7712284229752915
1.3600311760988593		0.4017869193252106
1.5210966180733059		-3.9804401240459684

particle=18
-5.013821589116454		4.206027559053096
-1.514453700986735		7.848798010148437
1.7098586698031855		5.368481893188763
7.924364346951406		3.979289245492424
6.618796010754513		-2.206276727606426
3.741619287678109		-5.289822056029867
-2.7472330307794555		-5.848335848902193
-7.416600715483384		-4.53136370587194
-3.160953623058708		0.28942375518945074
0.33468417074160994		4.138663281484481
1.5107207365531323		1.6627653880673803
-0.47373574113293815		-4.298283470775326

particle=19
-6.235007521967372		1.5190276226576769
-4.2697822446749925		6.265198673390335
4.977483124948787		5.094573729194691
7.2666266018371655		1.4581842282442565
4.268685645980082		-3.6491208234856765
3.7021326661502427		-5.906587141119869
-2.695214859793896		-6.004453867344596
-4.146013136566075		-2.6891414610662134
-4.260245254339136		0.6656261895608906
1.79907305748383		2.259214872127624
2.2351975729559133		-0.7921799524424538
-1.287612746701233		-2.6177030672206514

particle=20
-7.968837820602056		3.382562688712373
-2.174069636048366		4.944802327972343
4.107471791589795		5.615949997827963
4.107179493128866		2.1574556317237485
4.221340571797274		-2.084116959081439
4.34735287845276		-4.83624121173768
-3.2497337155333685		-5.315429774541661
-7.63078040660454		-3.09229727323393
-4.648934653152102		0.21421548792240896
0.7032000124356972		4.944738065514215
1.636852964652498		0.09150337634262407
1.1570053134269775		-1.1183453935930179

particle=21
-5.958076662568089		3.589020512432026
-3.6951718251437504		7.5846443852763805
2.2011833821748517		4.350225970619976
5.651997158528399		3.828105220864366
5.010846765911223		-1.6896147434055484
3.4271389546729685		-7.137475042191058
-1.9111365662398199		-6.390696496905528
-4.0529594440775565		-3.160062286602586
-1.971076181747906		-1.6837284576365659
-0.9591498861513301		4.809019583671967
2.7620375521638145		-1.0512679842912491
-1.743745193023468		-4.043694024953851

particle=22
-5.495484068477385		2.3989361734856827
-2.332533148037933		5.8323673721585365
1.3288437777935447		6.9117209285947805
5.917197271979431		3.3172682328454197
5.210977325408876		-4.342325301233986
3.7168193092287383		-7.475765468729554
-3.320260126115838		-5.450765637336606
-5.346014782220369		-1.730249598640376
-3.1120121387537982		0.5694626386159531
-1.416625304634958		4.398676788636336
3.498018116216152		-1.8811660719970495
-1.9647296119994038		-2.684707278680858

particle=23
-4.431377072960665		4.549416151872654
-3.0437136881928826		4.71587829482718
1.672667004377141		6.343613896333675
7.786276136093162		1.1876265929341976
5.82800082908324		-4.5035971705034665
1.0190584804342064		-5.22482064768399
-4.696551729634289		-6.188312433297586
-6.899622691801705		-3.333910475780437
-1.870082235116274		-1.4459017733237909
-0.35479744995746954		3.5229624633067553
4.988573793797065		1.8450003003599416
-0.14911859201491184		-2.527046803584335

particle=24
-5.052492865167351		4.605515501389503
-2.190831659126339		6.442460553249338
3.976884880089878		6.856172687769778
6.444091478556906		1.1146346428803366
7.541201660713377		-3.1860014392498015
3.0702915955724817		-4.400498514916752
-1.2051701794796421		-7.795455753983717
-7.055000372835021		-1.2686018708318367
-1.4034690666041736		-1.376982315677362
1.8775121871131066		1.39100206008455
3.155995680522271		-0.9388323433007013
1.8442060020716404		-4.537123012894154

particle=25
-5.604890415739149		1.1440714175168267
-4.748291072518754		6.157227463008485
1.82775965441499		7.6674863354694835
5.355740148026788		1.8752304193670826
6.401801294131707		-1.9901992029875175
4.327758872598721		-6.454495861899885
-3.040851334060857		-7.650522304304632
-5.53546270565182		-1.6436725725436254
-2.736985883188202		1.0145765104854383
0.0016368942392572805		4.690250459472084
3.970546005772687		-1.3271986600649748
1.2442256826575848		-3.6878798659506034

particle=26
-7.231931009451248		3.349986392274615
-4.072848795486593		4.046206597373146
3.1172390557067753		4.671009183314549
6.913244376513644		1.6731086310221368
7.873064499493388		-4.041302137811636
4.167761407071437		-7.0235061675674775
-4.370724209924805		-4.05972916991902
-5.102246206381464		-1.431595406379906
-3.206910140707335		0.8612345040985168
1.0783236525305515		4.775685734186526
1.2490099121897602		0.452364884701014
0.25867897337011847		-2.2847945476795983

particle=27
-6.714499199755062		1.8660654528795422
-2.954476051443004		6.4560047181830384
4.696437063064094		4.162322858487093
6.140338084236968		2.68955284792146
5.940906067807338		-2.1589690240492
2.0729785314424007		-5.340244468662103
-1.9857689113174204		-7.434472262412314
-5.8027447729202954		-4.360404982294229
-1.2424548802958073		0.5619473193195392
-1.0965815031406954		2.788564776553895
2.6970255703726385		-1.236445324873063
-0.13254501120577356		-4.038797189690888

particle=28
-6.738233687148471		2.3855293391822627
-4.3349943172628045		7.854565349752188
4.122561656336801		6.022959097890556
6.631122078434872		2.8961166708066637
7.423442704845433		-2.3541917040997857
1.8744513374388543		-4.781025368516152
-2.5772345597601323		-4.679114968154082
-7.717391540359509		-4.74564404316145
-2.910501884603421		-0.889086045663833
1.8942146564288804		3.9850198527985823
4.2704045195342175		0.8003501794413146
0.6659049619502615		-4.901017558413189

particle=29
-6.173016056879044		2.2773139725877045
-4.122039651522786		6.240195070745422
1.2585704017212667		5.859833269569186
5.755382137247199		3.623280666704493
5.716828641166735		-2.023935302619113
1.9685456365221672		-5.206615745984356
-2.738095098865845		-7.390293539874836
-6.974078416327416		-1.4247459905096242
-1.4779534738478457		-1.9321531796402094
0.8584102217789167		2.335264413597452
4.008566158204458		-1.4974595774544022
0.8116876575614431		-1.768660921117002

particle=30
-5.299345901071188		1.0024929125767765
-1.6691021243388828		7.662034844109424
2.704768411527631		5.4472697467563185
5.404194189939799		2.16031358835761
4.667878172106841		-2.0953066601053942
1.1835253782969426		-4.792030307704177
-4.4644215358261405		-4.904940172159602
-4.46452692848947		-3.0947614114141175
-3.709568925600851		-1.4582050686699781
-0.013210233445096087		1.979731152832815
1.5745676637408166		1.7766534921390127
-0.38625093547776856		-1.5605556805967735

particle=31
-5.636416630187384		2.7343004097297823
-1.9050105472849785		4.575426260508635
2.873980515215627		6.904488397087615
7.061831108240227		1.4610021980600654
6.148031486775709		-3.4613421531946322
2.403031738461413		-4.143680053622614
-4.0140541620155865		-6.802221811116186
-7.8016188769433095		-4.564099984000691
-1.396952252461865		0.08730995162871968
-0.6317084701747095		2.91970490463366
3.2690691875140168		0.71122451779125
-0.5600592151383204		-2.6493135698790216

particle=32
-6.783541096777791		1.3734623227149245
-1.4074438895478565		7.20027472810064
4.883184013145843		4.535122876202104
6.081130782772784		2.822082443950723
7.620878808575586		-2.184695701497297
1.481141713568661		-6.640945276294153
-2.027139379806063		-4.662371145805899
-5.973321559577739		-3.151841251207526
-1.9467079473466469		-0.09251539032475886
1.357325814235716		3.8276046717540346
1.8270503754413103		-1.0138207438132238
0.6878631934101831		-3.103949266998852

particle=33
-5.933202267966136		1.0520240649136436
-2.894361067340498		5.082481687456484
1.650304007901339		6.9331775295177795
7.270741845343535		4.617379368269533
6.803120475096994		-4.142667843572781
1.9243267670034108		-6.518516477249947
-3.9272214570309356		-5.92462956190753
-7.135627191231725		-1.1279937462650276
-1.7654909842530628		-0.1881501012719511
0.17868435246186998		2.4539223992258106
2.5560445958850004		-0.996318920678414
1.3920767185395668		-1.3441881557249924

particle=34
-7.620510934689424		3.0913523824050855
-1.063346518638622		7.126412009195606
1.5082866992744877		7.667988138151637
6.5508779037098		1.584014420826926
5.338341854737061		-1.7736822801204215
1.3124675309670062		-7.295468204505351
-4.7607682499913295		-5.868707235456813
-5.469214832637916		-3.231583135231954
-4.2004332396855535		-0.9298837220394063
0.8068548375409934		2.9516119757675194
3.2178633519431403		-1.3946761467833237
1.1343020303733398		-3.2722999202503122

particle=35
-6.313261201305647		3.762662488552179
-3.484145489854668		7.787408846470136
1.6171414634762642		5.202092688890653
4.454794518318541		4.242719252982212
4.157117200134191		-2.7456321364956238
4.815028391689895		-6.871147245332629
-2.2100564894364245		-4.600893429760472
-7.860030162943867		-3.4568339270904556
-2.4822215036725557		0.490881589615197
0.8534693549401484		1.44154166164261
1.9688691951679633		-0.6867046628180669
1.5325232553881198		-2.970917603556946

particle=36
-5.124335104640997		3.1759472950511523
-2.490240432141221		4.026664952706805
2.0531640527480697		6.823602259787613
4.163670971766404		2.8815367987954934
7.67852617582716		-3.106793698317781
3.1120340527393786		-4.775400600987055
-2.717393783446987		-7.056653204623242
-7.979052617445372		-4.327550585126314
-4.1370639170157055		0.2842468295984819
0.28441979255890004		4.10148988095442
1.142945963219578		-0.5567477183343903
-0.3923874732308317		-1.1840832172607345

particle=37
-4.888067314277825		2.863366389372361
-1.811294833722314		4.120525740378084
1.974378074370736		4.858715119929909
6.8413389524679165		3.036450495686223
6.91013108415194		-2.3509828855078014
3.6101654159625487		-5.110692626928122
-2.7308451525303483		-7.489757912945305
-6.782712115298791		-3.1195520782839923
-2.5337155203912016		1.3013629890062757
-1.0265401622681276		3.3132786559325558
4.835885760600684		0.8556186848447616
-0.8254861340123201		-2.6244630174786896

particle=38
-4.6007506730319925		1.5482016512126298
-2.7832706159119094		6.770422417751329
4.899368421443455		5.441716455003206
4.703866384019975		1.7532799980773173
7.817306475387839		-4.221180953362605
3.11481649125706		-4.561155839716243
-2.8002221995942014		-5.898985771569771
-4.619505742502424		-3.8107048048975734
-3.956090697867243		0.7721612248619678
0.15320299322334785		1.0327723195747192
4.599402740740428		-1.5168207841225532
-0.020369560622048866		-1.751294684464514

particle=39
-6.031423864107474		1.4814841791653328
-4.707980487272756		5.319650688741212
3.618718509423242		6.7266347757358265
6.042349536566004		4.806343237636702
5.058977781639489		-1.7481862744492438
1.1107338211190858		-7.63626846500498
-2.5455839897585033		-6.459907807169198
-7.7674983255645795		-3.3893996931562667
-4.285611878788824		1.318961893945907
-0.8000969341171631		4.64267000786586
3.8243323256455217		1.6134901051910266
1.9746457916391735		-4.642095330721649

particle=40
-5.978839196666488		1.090343107321467
-2.8795829769037384		7.563579632007714
4.0198268902729115		5.208786666243773
5.005677791137858		2.5759171944626975
5.422412665000045		-2.893029808143417
2.0172428024109936		-4.697038208114348
-4.389065882207988		-7.185907489266336
-6.261440323506194		-1.4134396525991662
-3.832424469913951		1.8305883975882407
0.6943128958804312		2.4876894752724
2.9245788973472333		-0.25941465654040785
0.019673097429667052		-1.3905228548848458

particle=41
-7.119529048022901		4.16161886240088
-4.5118082677292		6.261882114995727
2.449982882032985		6.748620832604853
7.704844345293338		4.513751309508676
7.219250212064809		-4.80909566657448
4.6550072676999985		-6.797500408654967
-2.336917495209501		-4.551036573809522
-4.016009294218268		-2.99377190652982
-2.457892257122487		1.9853751028154427
-0.4154374847758211		2.8248841928801096
3.031593442561655		-0.34167537200162235
0.482210832520253		-1.275933848128949

particle=42
-4.001138252214157		4.742734509792227
-1.9598138915736136		5.928933828365543
4.663199655088052		6.473249918328587
6.392386975038645		3.229223554354851
4.960793402569099		-3.8497912813430077
1.3625520137478393		-5.77263609885253
-1.5827581267964503		-7.054823251965257
-7.9473925328675		-1.170324837468923
-2.827761079595975		-1.8497633264201405
-0.8126023998666385		2.2563362738685124
1.4283442683127237		0.6639073039237253
-1.113158575490258		-2.178192541298578

particle=43
-6.185280179904057		2.23429604103479
-2.1288091894810965		6.4922701324100975
1.8195285456471981		5.241616550256628
4.194440192165183		3.3482744839896417
6.607888068777779		-4.9721214774385665
1.9076469153861035		-6.532553586464562
-4.7089939615680425		-4.287852216117335
-6.924626203822482		-1.1013651737113808
-1.464114582422313		0.20219423544161108
-0.2731583476399142		1.4708993183032915
1.2474143814654814		-1.1298334058677928
0.4405455683717401		-4.429440174907924

particle=44
-7.1075061613005115		2.4020233189578497
-4.842868412594678		4.547388316433556
4.30680199512333		7.240235000374492
4.776542785735385		2.460257804035413
6.827431159105196		-1.524702849004007
3.5013694468682446		-4.374619643734386
-4.787400763470279		-6.441332209792908
-7.8525442104398415		-1.091058899068683
-3.6931158133626245		1.2043785219590863
0.7422271564009777		4.919677042201528
3.2652649336528405		0.8449768720116979
1.6493881453039005		-1.0070333079893201

particle=45
-5.754952455341392		3.268567164807623
-2.417024466424961		6.4324701144890035
4.373784779421959		7.725396397302336
7.874109317646669		2.1420291746934366
4.008279882700281		-2.560354292762948
3.4554225185567904		-6.611320342853515
-1.9164519925776413		-6.2604788786296055
-6.888737710957029		-2.635648671657831
-4.24085122251844		-0.9616204007952307
-1.6572268092312896		4.066296111449061
4.401995544032231		0.24980971026461196
0.8258092571712052		-2.296262595981304

particle=46
-7.6979237283328175		2.368129215887565
-3.059300746586081		5.956965191896571
1.8330658527049986		5.3643092680518265
4.134467618286074		2.5676551807548877
6.305078572578493		-1.3759743177691037
3.1271975504723337		-6.618214850438088
-4.822665726278961		-4.913192679336432
-6.50571970192896		-1.300944358281841
-2.251890447770572		1.36897744014224
0.042640272733859064		2.8860365510528667
1.9011674213706264		0.10117677901492783
-1.2687246386292736		-4.907252720552357

particle=47
-5.9989022328995745		4.461186977765305
-2.1654808288952196		7.431052342111558
3.6796012246847445		4.09218897971887
5.115617818814375		3.562615940023464
5.545537674791129		-4.921207700019432
1.6157692129946364		-4.933940332022475
-4.863244840211838		-7.234515443077736
-6.319107892243059		-1.0325752498244576
-2.7177440326771545		-0.2572176800550756
1.0547510460351464		4.137449008313781
3.664412645547947		-0.9308668100796003
-0.7240374643531999		-4.782327196237668

particle=48
-6.402556941492765		3.1528902274918162
-3.3226507899604716		7.256625494563192
1.8857586561828565		5.434378126159089
6.6103086806931035		4.010053297973148
6.127747046704776		-1.1485031995295212
1.1278273021008922		-6.213648166334682
-4.329169469551246		-4.34028822867669
-5.049650268064978		-2.529008455832219
-1.5309213686202998		-1.4875417428417763
0.41454114578088763		4.68767268749317
4.507546210682932		0.5547342569740152
1.5468379161691814		-4.847112854805358

particle=49
-5.090146241082412		1.8724951229867983
-2.840895543629202		4.054096597819274
2.4704737316267846		6.125537878394342
5.7565568495949755		2.763211310234674
7.259552060149273		-2.859187798878073
4.945152571561121		-5.630510098725008
-1.6925048650263173		-5.5241009503111655
-4.297471057107372		-3.292108429725398
-4.050766262218806		-1.6485484207904548
0.18698333965714964		2.4428004271941077
1.8793049158807946		1.8075023279412736
0.5751018087315201		-2.7780974392145894

particle=50
-5.123985969755886		3.4986254740886387
-2.562106302876172		4.4495473513593815
4.399019119047026		6.916866530721917
5.012306469914115		2.3322921823668854
4.418078320442042		-1.1648651047484888
1.2643455959922694		-7.106915111324246
-3.2124936376260895		-7.72156804144805
-6.124938679467038		-3.304797264153492
-1.181804067354348		-1.9261419534228579
-1.0501986278987454		3.3814020301393524
2.682929842370019		1.9151592196768443
-1.5532027638649604		-4.2288015882775385

particle=51
-7.811772007803799		1.0308100826173616
-1.2125085174330525		7.866241400191578
4.737952969081622		7.426238052996736
4.566677193255061		1.5722508202761523
6.815625009014685		-1.1192414350858937
4.691022776580423		-5.878687755006385
-1.066891026796469		-5.473827028223809
-6.117060475416102		-2.3837153832148528
-2.6261560788367424		-1.4347147160377585
1.1628940517883706		1.9636418833974694
1.647661819074842		-0.16632577481155097
-1.0339313995498776		-1.4371241549074152

particle=52
-6.184276591760207		1.5350896565425893
-2.9157352566397625		4.049163102975543
2.2146237756603844		5.1384711323962975
4.1598825791263865		2.036890191550627
6.130584184717511		-3.1609760608682014
1.0896364543063757		-7.224797240940077
-2.83620142563667		-7.040137582921849
-6.14264191185011		-4.203398869944727
-3.7591002064014614		0.8958572045828217
1.6583328558804458		4.048143789289774
1.9055337343676015		-0.6461505039321049
-1.9150515911331376		-3.0933750127803528

particle=53
-4.816171568644819		1.2109824544537466
-1.145446544932463		5.512016860871988
4.51705771833572		5.352023136627027
5.559575370000087		1.7605428495031545
7.124220640834174		-1.2828235470302296
2.719278968192033		-5.386154289027034
-3.6038482294293432		-7.168414570905487
-7.532526160502684		-1.8315373850258303
-4.545643752488699		-1.8370256740368198
1.9746146497884398		3.3319271635700694
3.195992672440703		-1.6692198396462787
-0.7621026742115782		-3.197225148719803

particle=54
-6.549662299503005		1.7623756495153504
-1.0367081592884646		6.416574072254168
3.753134386802623		4.547933395206291
6.599829084970223		4.231150661383206
4.781630132219217		-3.140517493601415
4.737125311136998		-6.764954497003999
-4.803860551401355		-6.079231696059903
-4.0662814012987125		-4.7442248715845
-4.015799174167196		1.662204402547136
0.9124387761630337		1.6007354607707653
3.7468777271493883		-1.430729807426978
1.4912569453048432		-3.8851903596415447

particle=55
-5.875261604622445		3.665200116652655
-3.93071231462525		4.1725819565695605
3.8322313809464355		4.4008268524591605
6.125913699484265		2.355924266805194
4.292627783710766		-3.033496984954248
1.3573775938667398		-6.988639654152511
-1.3426875791115092		-7.803801184754011
-4.4473011114356025		-1.8132348556626714
-1.8132465866290013		-0.06869685433776418
-1.7246852102895072		1.113313008470893
4.775091589803115		0.8374061475585242
0.7178587908645313		-1.8385124002141207

particle=56
-4.007957761978282		4.560787723837086
-2.1645086429987663		5.492346228808303
4.037194758485928		4.270814078581626
6.556532384576569		3.7900270741718383
7.4884057064235225		-1.7319743554395748
3.6879776904787307		-7.867261383314789
-3.949044337583767		-7.2225051591837275
-6.608927915961458		-2.976655133462557
-1.0683952527553782		-0.6813438996887404
1.5506780729381013		4.268597934198242
2.1094410119178595		0.5551428551424689
0.6301488034679044		-4.771846012024866

particle=57
-6.714671364913817		2.2469671568057015
-1.3065440220129574		4.167422346625431
2.1760874245180175		5.91159643562467
7.726796073468702		3.9174743464560526
5.034069866559685		-2.6469894051544807
1.7474544640230638		-6.854347362751977
-1.9948593003098747		-7.664732291584555
-7.329424614783328		-2.2021958380913547
-3.596136312998362		0.022725699506298103
0.796945747018198		3.7476723570379615
4.639398432459203		-0.9550035055394477
-1.5610559180091945		-2.2764364562619086

particle=58
-4.133795144436693		4.8269949660418305
-4.1655835183732925		6.458328155706236
2.0907635860090874		4.135076235959549
7.318698161468509		4.363921476882632
7.6605799906936465		-4.395927737933119
3.2935233345481256		-5.109396248675038
-4.906832518384764		-6.511011518907223
-4.056949290843768		-3.207337509865504
-4.066199707192077		-1.4235248868030768
-1.275895233123105		4.7897237818968454
2.524683910366684		1.8262064088878156
-1.2179931550056762		-2.2173093466154494

particle=59
-6.43369193893287		1.2988565139384343
-2.7671709549552683		4.95756894087343
3.3486387480132613		5.877593575578226
4.447524045736074		1.568761401235264
6.861873089588528		-1.8743362661875795
2.2911709595259513		-6.596658952437069
-3.17719554894476		-4.188767397267214
-5.868456137733181		-1.446969872393482
-4.229635527337123		0.8399276705412073
1.3409029373915877		2.037005843175152
2.152080212678661		-1.2964737496443917
0.3646051078450925		-4.222186699773876

particle=60
-7.913549840567819		3.4177252651099432
-1.2206430379723283		4.214102628365671
4.30766195816787		6.144471490682046
4.3143810621105505		3.1579316541456235
5.860600035880745		-3.2392211202568104
4.43197147675437		-4.721711589640631
-1.6943526997527791		-5.143896369075252
-5.7658092511277905		-2.4824832769383094
-3.9144666626443887		-1.4353074534313435
0.8232767676133195		3.402968259392121
2.4409054104730963		1.8939163138159687
-1.057197173640989		-2.3438395944082218

particle=61
-4.462553999265581		2.863809124925536
-2.918127262603876		6.624208459688962
1.7362348046850324		4.838694127662597
4.717220649366409		4.012244331054414
7.570102592982777		-1.7804857222887294
2.258547128535684		-4.75312582590576
-3.9185422425737095		-6.4554399968723715
-6.391086483192995		-4.065285431557456
-4.133866407352457		-1.96598506450301
-1.42184644572693		4.8257012772625485
4.970363015624042		1.267767183608119
1.4223198054737654		-3.1173877024263823

particle=62
-6.511930514124614		3.744929275077647
-3.8583820812430223		5.156300248818253
2.9905916632204903		5.115574930025068
5.07463412574752		3.629116910142461
4.342945165587317		-3.0055448533109397
4.308097558562917		-6.440824397676302
-4.7106944413107215		-6.809548883739304
-5.149635435648742		-4.682521802254959
-4.1225520666363185		-0.3772552623735703
0.9462621368791009		3.1349362119300888
3.380027575565035		-0.7655478807637719
1.6892230370998407		-4.652020141381469

particle=63
-4.772025018594381		1.2063202143171976
-4.859818438911555		4.237027232152288
3.507480062956276		6.976700205317796
5.732152369120332		4.2001750243976765
7.170084873470956		-3.2192843525138093
1.6625697892609521		-4.6582230046827595
-1.73788025960613		-6.170874009116826
-5.677431112803954		-4.4653799450625495
-4.423703919519109		-1.2465722759143705
-1.069404747562042		4.09942223237193
4.16980258453977		-0.43532262933071575
0.210424870350153		-1.9410179410588184

particle=64
-4.80187871728231		1.4729790859971992
-3.3464366552823464		5.075097591967449
4.091293246763483		5.764158680770371
5.97253273851723		2.0046734646324302
7.349529688153421		-4.880558431004362
3.7392086571447773		-6.3337825384862665
-3.8648028344368064		-5.082775132426672
-6.801546557219379		-2.3665192148539975
-2.2867178527431964		-0.7443887549623946
1.9610786999002943		3.6452708561939953
2.408637772074352		0.9188797679931966
1.987401605091093		-4.784889478644674

particle=65
-5.79508449466872		4.662049740306163
-4.6005406682400825		7.204601883401965
2.5782581687547186		4.415382253004141
7.244382603186892		3.2265490830646795
4.174546441842352		-3.505072952485896
3.5742629571751343		-5.789229607426457
-4.671401947055736		-7.5312796703876925
-6.225612127333953		-3.0642614126473955
-1.2978166346995614		0.5497945283563928
-1.6271724108833636		3.593296052538945
1.7240551499536498		-1.1849853055131248
0.5849317080517076		-2.530423965414278

particle=66
-5.89521470290841		4.114509351146674
-4.390539857953762		4.357527564473537
1.1742954455634211		5.247824746906481
4.278421657449085		3.5305434422878648
5.358425871021259		-1.275475844973721
3.2059610274080086		-7.294915652190378
-2.4302698946542862		-6.562261666768309
-5.121193171234526		-1.4911617174873868
-1.9892020715349554		-0.1696314377617889
-0.3401209484166161		1.7887599693179088
2.399585671563077		1.1758795260861872
1.5351076766382836		-2.7804173575454234

particle=67
-4.267104139631549		3.7278519498345744
-1.7395759700679285		5.148660193181376
2.827290404150254		6.076988862809388
7.922055319237042		2.6988787932020823
7.92200917936186		-4.814485155757559
4.920665468359797		-6.186830246968695
-2.3073595493784467		-6.729198716714399
-6.141745775652867		-4.366545670030376
-1.0851586652546024		0.9151386653241493
-1.117964204957067		3.609095649329329
3.2007383545191526		-1.0331505683289963
1.986559702851335		-1.877729914029449

particle=68
-6.454701225258434		1.3697829254908909
-4.351895154308963		6.955019614417779
1.7602476241308946		6.343522705866529
4.938475116824577		1.0183501618009534
5.878614049960021		-3.0216905154606115
1.6201076209189589		-5.7064449323769635
-3.909425873753543		-4.534230428150606
-7.503988777128557		-1.7425246394999592
-1.2101816696854772		0.8173709285213571
-0.7256323343655895		3.940130283570264
3.4730227596213648		0.7722536465978442
0.5625674487305701		-3.0311353922193365

particle=69
-5.2570112130366535		1.1497945272330958
-2.3356741453379666		4.849447863253532
4.41494607839989		7.225764706861565
5.943745712856259		3.4653438048602228
7.850688167893091		-4.024577074512292
4.447288254778017		-4.109129626632958
-4.50226060203982		-4.657832214181088
-6.559576369680065		-3.4727245675690144
-4.213095298733002		1.4570741375294696
-1.445203978920485		4.297892490493043
4.777203445999524		-0.9226488569045466
-1.1428035875996496		-1.3229522332973835

particle=70
-7.207429423265701		4.525296322582792
-4.224295047910763		7.733759256485644
3.44394996400831		5.572579945439715
7.836407648888671		2.638868139840767
5.240434400930491		-2.8895645520254156
3.224213882355155		-7.096388975775786
-1.8508522459192025		-4.3520107565944715
-7.459923087587592		-4.788268388200553
-2.9407372758783654		-0.17751436421179534
-0.8820930198241976		3.6764993049011077
1.1471539605980507		1.7696265417385124
1.3413098174255973		-3.8669774610141037

particle=71
-7.403369655024903		2.317181266383986
-4.430140014323		6.339913924505868
4.222608106391549		5.025063297139654
5.833618821695212		1.6711009686503138
4.758747696462493		-1.9484376475864136
4.394823987675718		-5.439512243586167
-4.945024758913339		-5.652129749477648
-7.0692115501467985		-1.7977668530898234
-3.64584124911478		1.487618877373245
-0.19015447170224586		4.358355842445937
4.922180741518481		0.08528323910989322
-1.1859767116428301		-4.128521807980034

particle=72
-6.500069246883724		4.403692725885528
-1.9506620847321154		5.9986447795742475
3.2097637963325116		7.60834140150124
6.86042256959512		3.095431880801162
6.694070927070355		-4.955706097734687
1.3575388705935754		-5.613738986934804
-3.1583022201449484		-6.287817836791714
-5.267664763616495		-2.169312574935006
-3.5868413643766934		-1.5337793089474867
0.3854214626039685		1.1700435465134649
4.658333955466963		-1.1122529255563345
1.9806429370283323		-1.1652597140476049

particle=73
-5.276376596725217		1.5488606669900609
-4.189814084093889		4.133052708365788
3.8460742851871794		6.129359097047194
5.694086626294887		1.7969952691042979
7.612702660933824		-4.186860516186892
3.3816101780571657		-4.9693926952469445
-1.3720624920606745		-6.044062184517328
-7.477691390734001		-2.578029958354673
-3.831411926141861		1.1294040160123653
-0.06457964377652647		3.0341520622197207
1.5366697782232617		0.49717248030121963
-0.5070539449549902		-1.3028025592414725

particle=74
-7.256262059187612		1.5719721411842666
-4.62311808236732		7.259815697538869
2.999224028587939		7.763410866646145
6.422609079376188		3.7452534642862156
5.469539706902445		-2.038853332233379
2.951191860566275		-5.893691698682704
-3.963517194233741		-4.086483238973774
-4.115167702488854		-2.436841504646539
-3.076488460766176		-1.4604385104960356
-1.4529892969890281		2.771910717663744
4.644944031137726		-0.4237629277328363
-1.836234673824475		-2.37479658139267

particle=75
-6.623304186877478		1.9444936767550187
-3.7319723296734915		7.49006346179422
2.4231727643111296		7.805974239335241
5.596286239843532		3.0100984496681664
4.954188628333387		-3.1637665715910894
3.2456246255142918		-4.915552720145266
-1.346948684591334		-6.513866408816174
-5.321619307103706		-2.534348579552537
-2.4661294251609167		-1.864501904621533
-1.4321791690274845		4.058474728132282
2.5143366253663406		-0.9856826547569297
-0.6963530904896036		-2.7475606987725185

particle=76
-6.781140739481788		3.7858648945489186
-3.288117057036905		4.061834195565083
2.9718296576686805		4.641292599405606
6.983255867431268		3.630490353721416
6.439887422656584		-1.2378076714403599
3.4722200403200785		-6.3098036699675095
-1.6182399694081018		-6.009441081451227
-4.311764019811613		-4.668561358847151
-4.840339914807473		0.5288609442239323
0.09814427405816062		4.771880361841676
2.6386999839565255		0.22597038476521458
-1.49260197374345		-1.4913305532470371

particle=77
-7.047885402500048		2.310116813825895
-2.781475076891911		7.521301915166312
2.185917873573521		7.268438203012559
7.983642806837865		2.304251804584855
6.93054657719313		-2.004164388747492
4.82415990647808		-5.110247225037824
-4.846644529638919		-6.415677243315388
-6.458731605503555		-2.184678176302566
-4.088347100190219		0.2802102865899281
-0.9587355780491169		2.300791180017654
2.9054844912558613		-1.6719239594074087
-0.5995413116601203		-2.2255358352242665

particle=78
-5.3314550205000195		3.5269774846630204
-4.328609065227706		7.5455201897789665
2.2689578029067676		7.202121765268418
5.731724047908818		3.2106301998235125
6.497627432499293		-4.356487482315297
1.970688363874384		-5.832011012684465
-1.507108888726885		-6.269526707796598
-5.770021822291618		-1.289400798032863
-3.352333018688275		-0.8556487309028595
1.613703631545484		1.8429557198734368
4.042625018913615		-1.2215660080002508
-0.13017431385276268		-1.4252761565674827

particle=79
-4.06068332331096		2.3973842097592475
-4.889653613802084		4.146469908529662
3.3223127746958796		4.563273131766519
6.5715300268912475		2.545865037871902
5.6639193618334875		-4.244516317609368
1.465433593695924		-7.495946661517269
-3.9558017903027216		-7.375808342043806
-4.065727323319782		-2.333951032750875
-2.0718621341059564		-1.1001504527272332
-0.7775446840794356		3.075045581554738
3.4965754532773294		0.44696863853417534
0.16081741341817057		-4.642196347286259

particle=80
-6.348325635527516		2.4781583549767863
-3.3778131269536704		4.515360047248333
3.7465675573491066		6.210795879875669
6.362364798352271		1.2629019121044327
6.033120551544371		-2.2564101055490715
3.313332304956699		-6.650986383020118
-3.5073290247163604		-7.79950572069394
-5.211432452324584		-4.955713931494215
-2.569136808497539		0.7981980064831049
1.0751962395238301		3.7608542299964753
1.47857347953346		-0.3823991472817405
-1.1286033513235312		-4.343428819357597

particle=81
-5.4338236051446955		2.7350140449784055
-1.6944132005082881		4.238467339969871
1.7006221880360242		4.634321357231291
6.470860793867167		3.8953551831634226
4.808323274250055		-4.724213817975932
4.5832685441898136		-7.137045322001169
-3.0865826085669066		-7.995867200787959
-5.333053466157208		-3.9725857160265114
-4.067496169943427		-1.2472776793801144
1.6543986020405028		1.1675189385893354
3.900238175818304		-0.8995247390785055
1.4322011936461143		-1.0585429744648733

particle=82
-4.88029175040309		3.9132793757918876
-4.102238477202998		7.396199125691025
3.194768409518338		4.178709461238439
5.982966366476874		2.3356705215814957
4.146261772392695		-2.049214412188875
3.341209164495085		-4.067488821925831
-4.248361621741875		-5.306030643054697
-6.935293970872317		-1.209638391714556
-4.213587563395328		1.57181498390031
-0.7490132328911474		1.8380117128638993
2.2842727578234303		-0.2307526787582157
1.1963209803993742		-1.3864781584491483

particle=83
-4.477176998531537		1.6519170713998035
-3.8915286521683394		5.70522079010623
3.2865272866591626		6.413741069878335
5.28258286281512		4.534870848535029
7.209561522643414		-4.961829726636784
2.185484377445637		-5.958235196154504
-3.764739310308709		-6.431973015210872
-7.677701787413872		-4.325691744234326
-4.0001488401980065		-1.9013513137885991
0.549494610232899		1.6633616455116558
3.6712654981722337		-1.1925373674007402
-0.39338590140948826		-3.215384665611264

particle=84
-7.655470015728794		3.0320841029358574
-3.39681082677017		5.6631108094107425
4.1824663965396365		4.699748075474144
6.657397631309815		1.0274618603592152
7.651135187094163		-4.2964884677917565
4.70376219820656		-6.076455279608325
-2.6533542373008583		-7.463605900741735
-4.973261492459406		-3.5021986392862856
-3.448421941446799		-0.7294039882352514
-1.168994852353435		1.5484832274997187
3.5382832623306832		-0.14536457484740195
1.9030781006363764		-4.634021719143873

particle=85
-6.960986305284132		3.5251078897105583
-2.5284812635372136		7.512539236354782
3.021824853346494		7.894499196716089
6.9809139325237295		2.5621280107459574
4.339378164532505		-3.4437502738742167
1.4507221016468121		-5.478185928810531
-4.485168512424673		-5.709382519020105
-7.987666825074147		-3.8490494070286294
-4.088985567403553		1.8655699600471665
1.4946682750572644		2.209664572723689
3.8098739176580945		1.9989277735039677
0.8095341361749524		-3.662225413812415

particle=86
-4.630246891249985		4.507478134441328
-4.2512832318785625		7.214697410610555
4.782147539916455		4.450884578893679
6.406117543912039		4.429968102678355
4.144704935543802		-4.492800872113086
2.9252122573299317		-4.685341514306982
-1.109176350827902		-5.1285141230328595
-4.727750381612612		-2.6409850509619153
-1.9827068711988147		-0.26321555420075304
-1.8451320073649242		3.497471377009542
4.030060606075757		0.6681137830861927
0.5152422003224828		-4.287292111688897

particle=87
-6.415499850424839		1.1642883614003554
-4.963938239329076		4.901683635740826
2.9780556194160326		4.873411232168468
5.5740129071431035		2.923605225670542
5.318335214796692		-1.052704093138027
4.712464212859855		-5.793292245762558
-4.948146527734843		-5.5933875488669305
-6.370686804944757		-2.576457791269052
-3.943813475137282		-0.7384916913513258
-1.9682625930533502		4.6044243838759105
4.6943051249459895		1.3999150481434945
1.3961066125618697		-2.496441234556544

particle=88
-7.822302907972405		2.755083425316611
-1.7506113535996382		7.605947852349466
3.149621151369963		4.455219167844022
6.974487557862121		1.1559635948914244
7.617674103571909		-1.0881599803977013
2.0768832098378014		-7.109933816254457
-3.8207803736401114		-4.202369859466195
-5.451310582738499		-4.577803669590543
-3.317529873610053		0.7816370245292719
1.574281652100633		4.439622405338808
4.167026045671378		1.6207398865063758
-0.6300397537032887		-4.62333105786135

particle=89
-5.619843429195226		3.568628315263909
-3.15563161722976		5.76953360906541
2.909670120011879		7.795108573131517
7.943286623217657		1.9017264896791164
7.467315574370463		-2.0570337678302013
3.365892283861367		-5.663670261796195
-4.9313208836738625		-7.4374385436311705
-5.6682244584188926		-1.0979281589199288
-4.041720462508588		-1.2109313911494342
-1.9692530568000919		2.592840277182632
3.644223066453962		0.5053761420717877
-1.0064117549063432		-3.0676317648796463

particle=90
-5.40304617121212		1.9734381737553401
-2.8280716990644317		5.262551496273736
2.164332388840496		6.456398824450558
6.795646853327735		2.263449849449764
7.38801704597287		-4.296953960354941
4.786421725522638		-7.767725195760969
-4.52908254656966		-6.649441226389689
-4.797603822283074		-4.350603271019253
-1.5480946494233105		-0.7348256607171169
0.4297925278689352		4.732462031398727
3.7326486084937143		0.2843277518060723
0.9956264410956215		-4.675871783934534

particle=91
-6.88176700873529		2.904320934497991
-2.219734685188747		5.476570561141062
3.7264699785090603		4.104821959831796
7.094537234917011		3.0956611104204566
6.853731757415796		-1.9841312899986114
1.5790629188379492		-5.643458856602969
-4.932616672347649		-5.734615403143014
-6.137460293276439		-2.1053518013069064
-2.6358386714754287		-1.9517534288701408
1.3910368387366527		3.397566067910938
1.5226551847909504		-0.5391272749533114
1.538964786026333		-2.022622229940313

particle=92
-7.656031157267259		1.621389740758823
-2.3398213049128795		4.491216185618221
2.77579793976804		4.925158586741654
6.219569707098932		3.6194691669923276
6.130652937464456		-2.4146590070131944
1.3696740651950408		-5.005371266543955
-3.0382917756953125		-5.690789964215407
-4.5342467422649815		-3.071924471996156
-2.5422338178744948		0.32912934051662424
1.1733780367784639		3.9698191579723123
2.0287364931665883		0.3097857290114243
-0.8247630474130938		-4.805115664030376

particle=93
-7.764441774438282		1.8633792346568065
-4.1958188305130975		7.534189945055714
4.214092270449357		6.2636844446458575
4.3147714435857		4.775702034540261
7.189412469343428		-1.3563171937862641
1.992944460612048		-4.231715394717309
-2.8686821197941654		-7.0291483855572885
-5.031154790506903		-1.2052456737693902
-4.626427088140764		1.9817727026609813
-0.8393298736937997		3.4190622797499746
2.837606055148898		1.540419303064387
-1.0831202209436448		-4.731042992381379

particle=94
-5.757781203679601		2.3797971338805275
-3.234900166042249		5.773919430025613
2.6669826813241695		4.155069293537945
4.478906214087414		1.8050975301315573
5.89830445356975		-3.789546915537372
3.053872537361376		-5.951117366073911
-2.893112514621829		-5.615708852684615
-6.5452757257341165		-4.298000854271792
-1.8163099015557087		-1.5274382131967115
1.286188182848178		2.0757289539586212
2.941971119834569		0.5822480435373518
-0.726447122531455		-3.236815916050537

particle=95
-6.491147533481171		4.0464910886771115
-1.8193969389832478		6.219625649914816
3.0788478285025875		7.408192470700995
4.102513488932656		3.5136562569457084
7.773958788655186		-2.3081081519191327
4.425183175785271		-4.181616217501658
-1.8545219917866986		-6.421582091928233
-6.515082963148166		-4.05381005069706
-2.8283064572095427		-0.38584082242944806
-1.9228021708302285		2.354162253850053
3.635285666483912		-0.8467950639476389
-1.5725190538584353		-3.7639984394739674

particle=96
-4.604405678236161		1.1323397910460629
-1.0723016869445625		6.131095171645778
3.0801112182154355		4.350851437874382
5.748096539036175		2.988357019563685
7.695315221611784		-3.8640853115451086
3.644729218486632		-5.366898126199997
-4.106173726734863		-5.2240805472872776
-6.319239810386456		-1.8424994272451523
-4.0880262801312215		-1.4034685126884767
-1.6894095395867712		2.585788804252682
4.212273441117894		-0.501201979533481
1.919012120974068		-3.1092288845996787

particle=97
-4.09236263598769		2.371771503021176
-4.437252647309517		5.375692147202189
3.922008612988214		7.835873473773112
6.234418795127687		2.321043010009922
5.28627214006012		-4.536240170855649
4.477497975951772		-6.419317609857201
-4.2829666668305055		-4.389895160325148
-4.1115295134024805		-2.679855842353376
-4.1372709694314755		-1.416546674203531
-0.6569007185875453		2.6103269016849917
4.579728394353763		1.3360006643671452
-1.3374480110235365		-3.3625803211623686

particle=98
-4.322293105448734		3.8475967343263133
-1.2230549992461772		5.398111006054773
1.2240792096119093		4.4645277116490725
5.203562454337454		3.9662796311403983
6.877515278557677		-3.5142491798189988
1.0542630266071118		-6.754977364780437
-3.7187691068071427		-6.280969515558188
-5.578008852663208		-2.700988950837187
-2.8456714987079095		0.03760325383268581
-0.17193548511956358		4.941343683020147
3.1444169623558		-1.5977211714789754
-0.19913366195130244		-2.916807528850223

particle=99
-4.964290971813452		4.103299054846271
-2.5661820254775374		7.896948421597148
3.753026813204126		5.342869529423392
5.205049316559872		4.9325811895319545
4.231473439287848		-2.2549351872115078
2.3650693667357796		-7.641852017084762
-3.791057893925641		-7.98654621910398
-6.8063711674709015		-1.6305828460672096
-3.5683514682012887		-1.7104461429134314
1.7624248297847256		4.910303006445226
3.0079744537990663		-1.725066417516686
0.09075107232715895		-4.333195293360243